# x	y	u	v	flags	mask
2.8000e+01	2.5000e+01	3.6365e+00	-3.7617e+00	1.0000e+00	0.0000e+00
4.7000e+01	2.5000e+01	-4.1571e-01	-3.5743e+00	1.0000e+00	0.0000e+00
6.6000e+01	2.5000e+01	3.0171e+01	-2.5991e+01	0.0000e+00	0.0000e+00
8.5000e+01	2.5000e+01	-3.7580e-01	1.2941e+00	0.0000e+00	0.0000e+00
1.0400e+02	2.5000e+01	-3.2664e+00	2.6667e+00	0.0000e+00	0.0000e+00
1.2300e+02	2.5000e+01	-1.2903e+01	-8.8345e+00	0.0000e+00	0.0000e+00
1.4200e+02	2.5000e+01	-5.3209e+00	-4.0095e+00	1.0000e+00	0.0000e+00
1.6100e+02	2.5000e+01	4.2238e+01	-1.8742e+01	0.0000e+00	0.0000e+00
1.8000e+02	2.5000e+01	2.0892e+00	1.5332e+00	0.0000e+00	0.0000e+00
1.9900e+02	2.5000e+01	-1.5453e+00	-1.6637e+00	1.0000e+00	0.0000e+00
2.1800e+02	2.5000e+01	-2.4944e+00	-9.4269e-01	1.0000e+00	0.0000e+00
2.3700e+02	2.5000e+01	8.8720e+00	-1.4602e+01	0.0000e+00	0.0000e+00
2.5600e+02	2.5000e+01	-1.6934e+00	1.1509e+00	1.0000e+00	0.0000e+00
2.7500e+02	2.5000e+01	-3.9095e+00	1.2772e+00	1.0000e+00	0.0000e+00
2.9400e+02	2.5000e+01	-4.3623e+00	-4.7718e-01	0.0000e+00	0.0000e+00
3.1300e+02	2.5000e+01	-4.6201e+00	-1.0095e+00	1.0000e+00	0.0000e+00
3.3200e+02	2.5000e+01	-5.3075e+00	-2.5550e+00	1.0000e+00	0.0000e+00
3.5100e+02	2.5000e+01	-1.0254e-01	1.7702e+00	0.0000e+00	0.0000e+00
3.7000e+02	2.5000e+01	-5.1241e+00	-4.2529e+00	1.0000e+00	0.0000e+00
3.8900e+02	2.5000e+01	2.9691e-01	-1.6434e+01	0.0000e+00	0.0000e+00
4.0800e+02	2.5000e+01	9.0399e-01	1.5999e+00	0.0000e+00	0.0000e+00
4.2700e+02	2.5000e+01	6.2658e-01	1.6431e+00	0.0000e+00	0.0000e+00
4.4600e+02	2.5000e+01	-3.5525e+00	-3.7738e+00	1.0000e+00	0.0000e+00
4.6500e+02	2.5000e+01	-4.5012e+00	-8.8136e+00	0.0000e+00	0.0000e+00
4.8400e+02	2.5000e+01	-9.6345e-01	2.1792e+00	0.0000e+00	0.0000e+00
2.8000e+01	4.4000e+01	3.7638e+00	-3.9450e+00	1.0000e+00	0.0000e+00
4.7000e+01	4.4000e+01	-5.1528e-01	-1.5135e+00	0.0000e+00	0.0000e+00
6.6000e+01	4.4000e+01	-1.1351e+00	-4.5705e+00	1.0000e+00	0.0000e+00
8.5000e+01	4.4000e+01	-1.1888e+00	4.7030e+00	0.0000e+00	0.0000e+00
1.0400e+02	4.4000e+01	-2.2852e+00	4.0579e+00	0.0000e+00	0.0000e+00
1.2300e+02	4.4000e+01	-1.9774e+01	-8.8266e+00	0.0000e+00	0.0000e+00
1.4200e+02	4.4000e+01	-5.1945e+00	-4.6580e+00	1.0000e+00	0.0000e+00
1.6100e+02	4.4000e+01	-5.2939e+00	-3.8195e+00	1.0000e+00	0.0000e+00
1.8000e+02	4.4000e+01	-3.5872e+00	-3.6008e+00	1.0000e+00	0.0000e+00
1.9900e+02	4.4000e+01	-8.0743e+00	-9.1706e+00	0.0000e+00	0.0000e+00
2.1800e+02	4.4000e+01	8.6570e+00	1.7704e+01	0.0000e+00	0.0000e+00
2.3700e+02	4.4000e+01	-3.4394e+00	8.5483e-01	1.0000e+00	0.0000e+00
2.5600e+02	4.4000e+01	-2.2665e+00	2.3233e-01	1.0000e+00	0.0000e+00
2.7500e+02	4.4000e+01	-3.9376e+00	6.2806e-01	0.0000e+00	0.0000e+00
2.9400e+02	4.4000e+01	-7.6802e+00	-3.7226e-01	0.0000e+00	0.0000e+00
3.1300e+02	4.4000e+01	-4.5126e+00	-1.2265e+00	1.0000e+00	0.0000e+00
3.3200e+02	4.4000e+01	-2.5124e+01	8.5400e+00	0.0000e+00	0.0000e+00
3.5100e+02	4.4000e+01	2.5649e+00	8.0995e-01	0.0000e+00	0.0000e+00
3.7000e+02	4.4000e+01	3.5973e+01	-2.4571e+01	0.0000e+00	0.0000e+00
3.8900e+02	4.4000e+01	-4.9940e+00	-4.2495e+00	1.0000e+00	0.0000e+00
4.0800e+02	4.4000e+01	-1.1049e-01	1.7851e+00	0.0000e+00	0.0000e+00
4.2700e+02	4.4000e+01	-2.2926e+00	-4.0183e+00	1.0000e+00	0.0000e+00
4.4600e+02	4.4000e+01	-6.7908e-01	2.9781e+00	0.0000e+00	0.0000e+00
4.6500e+02	4.4000e+01	-1.0761e+00	3.0775e+00	0.0000e+00	0.0000e+00
4.8400e+02	4.4000e+01	-1.0625e+00	2.9969e+00	0.0000e+00	0.0000e+00
2.8000e+01	6.3000e+01	-1.1461e+00	-2.9364e-01	0.0000e+00	0.0000e+00
4.7000e+01	6.3000e+01	-1.2739e+00	-6.5827e-01	0.0000e+00	0.0000e+00
6.6000e+01	6.3000e+01	2.1159e+01	-5.6311e+00	0.0000e+00	0.0000e+00
8.5000e+01	6.3000e+01	3.9075e+00	-7.6705e+00	0.0000e+00	0.0000e+00
1.0400e+02	6.3000e+01	-4.3543e+01	-8.8673e+00	0.0000e+00	0.0000e+00
1.2300e+02	6.3000e+01	-3.0632e+00	-5.5746e+00	1.0000e+00	0.0000e+00
1.4200e+02	6.3000e+01	5.1721e+01	-9.2650e+00	0.0000e+00	0.0000e+00
1.6100e+02	6.3000e+01	-4.3776e+01	-8.0837e+00	0.0000e+00	0.0000e+00
1.8000e+02	6.3000e+01	-3.5531e+01	2.1410e+01	0.0000e+00	0.0000e+00
1.9900e+02	6.3000e+01	1.5533e-01	2.0018e+00	0.0000e+00	0.0000e+00
2.1800e+02	6.3000e+01	3.6534e+00	3.1369e+00	0.0000e+00	0.0000e+00
2.3700e+02	6.3000e+01	-3.8216e+00	5.0008e-01	1.0000e+00	0.0000e+00
2.5600e+02	6.3000e+01	-2.8521e+00	-2.2350e-01	1.0000e+00	0.0000e+00
2.7500e+02	6.3000e+01	7.8442e+00	1.1930e+00	0.0000e+00	0.0000e+00
2.9400e+02	6.3000e+01	-2.2847e-02	1.3652e+00	0.0000e+00	0.0000e+00
3.1300e+02	6.3000e+01	-9.3606e+00	-4.3879e+00	0.0000e+00	0.0000e+00
3.3200e+02	6.3000e+01	-8.9601e+00	-7.5766e+00	0.0000e+00	0.0000e+00
3.5100e+02	6.3000e+01	-6.4543e+00	-3.9622e+00	1.0000e+00	0.0000e+00
3.7000e+02	6.3000e+01	-2.2325e-01	-8.0200e-01	0.0000e+00	0.0000e+00
3.8900e+02	6.3000e+01	-5.7231e+00	-5.7265e+00	1.0000e+00	0.0000e+00
4.0800e+02	6.3000e+01	-4.2124e+00	-5.4862e+00	1.0000e+00	0.0000e+00
4.2700e+02	6.3000e+01	-3.1337e+00	-5.0128e+00	1.0000e+00	0.0000e+00
4.4600e+02	6.3000e+01	-5.3515e-01	2.7245e+00	0.0000e+00	0.0000e+00
4.6500e+02	6.3000e+01	-1.0568e+00	2.9151e+00	0.0000e+00	0.0000e+00
4.8400e+02	6.3000e+01	-2.9149e+00	-8.2815e+00	0.0000e+00	0.0000e+00
2.8000e+01	8.2000e+01	-1.3620e+00	5.0520e-01	0.0000e+00	0.0000e+00
4.7000e+01	8.2000e+01	-1.2237e+00	4.7490e-01	0.0000e+00	0.0000e+00
6.6000e+01	8.2000e+01	5.9214e-01	-5.9202e+00	1.0000e+00	0.0000e+00
8.5000e+01	8.2000e+01	7.6729e-01	-5.9085e+00	1.0000e+00	0.0000e+00
1.0400e+02	8.2000e+01	-1.7404e+01	-9.1572e+00	0.0000e+00	0.0000e+00
1.2300e+02	8.2000e+01	-2.4890e+00	-6.4321e+00	1.0000e+00	0.0000e+00
1.4200e+02	8.2000e+01	-4.0819e+00	-5.5063e+00	1.0000e+00	0.0000e+00
1.6100e+02	8.2000e+01	-4.8045e+00	-5.0053e+00	1.0000e+00	0.0000e+00
1.8000e+02	8.2000e+01	-2.8770e+01	-1.0015e+01	0.0000e+00	0.0000e+00
1.9900e+02	8.2000e+01	-3.4110e+00	-3.2984e+00	1.0000e+00	0.0000e+00
2.1800e+02	8.2000e+01	1.6884e+00	3.0735e+00	0.0000e+00	0.0000e+00
2.3700e+02	8.2000e+01	-3.6030e+00	-1.1820e+00	1.0000e+00	0.0000e+00
2.5600e+02	8.2000e+01	3.3856e+00	1.8711e+00	0.0000e+00	0.0000e+00
2.7500e+02	8.2000e+01	7.7868e+00	-6.8113e+00	0.0000e+00	0.0000e+00
2.9400e+02	8.2000e+01	-1.9414e+01	4.1747e+01	0.0000e+00	0.0000e+00
3.1300e+02	8.2000e+01	-4.8110e+00	-2.6866e+00	1.0000e+00	0.0000e+00
3.3200e+02	8.2000e+01	-3.1135e+01	-8.7557e+00	0.0000e+00	0.0000e+00
3.5100e+02	8.2000e+01	-2.9837e+01	-1.7031e+01	0.0000e+00	0.0000e+00
3.7000e+02	8.2000e+01	-5.4812e+00	-4.5595e+00	1.0000e+00	0.0000e+00
3.8900e+02	8.2000e+01	-9.0008e+00	-1.0446e+01	0.0000e+00	0.0000e+00
4.0800e+02	8.2000e+01	-1.0324e+01	6.8143e+00	0.0000e+00	0.0000e+00
4.2700e+02	8.2000e+01	-2.9733e+00	-4.1558e+00	1.0000e+00	0.0000e+00
4.4600e+02	8.2000e+01	-1.5643e+01	-1.8565e+01	0.0000e+00	0.0000e+00
4.6500e+02	8.2000e+01	-1.0556e+01	-1.9032e+01	0.0000e+00	0.0000e+00
4.8400e+02	8.2000e+01	-3.2574e+00	-3.4896e+00	1.0000e+00	0.0000e+00
2.8000e+01	1.0100e+02	3.7238e+00	-5.5768e+00	1.0000e+00	0.0000e+00
4.7000e+01	1.0100e+02	1.0894e+01	2.0010e+00	0.0000e+00	0.0000e+00
6.6000e+01	1.0100e+02	4.7610e-01	-7.0290e+00	1.0000e+00	0.0000e+00
8.5000e+01	1.0100e+02	7.3004e-01	-6.8668e+00	1.0000e+00	0.0000e+00
1.0400e+02	1.0100e+02	-1.3993e+00	-7.1253e+00	1.0000e+00	0.0000e+00
1.2300e+02	1.0100e+02	-4.5944e+00	-6.1180e+00	1.0000e+00	0.0000e+00
1.4200e+02	1.0100e+02	-5.6611e+00	-5.7051e+00	1.0000e+00	0.0000e+00
1.6100e+02	1.0100e+02	-2.6853e+00	-6.2805e+00	0.0000e+00	0.0000e+00
1.8000e+02	1.0100e+02	-6.6181e+00	-4.0382e+00	1.0000e+00	0.0000e+00
1.9900e+02	1.0100e+02	-8.3315e+00	-9.1855e+00	0.0000e+00	0.0000e+00
2.1800e+02	1.0100e+02	-7.9704e+00	-9.0429e+00	0.0000e+00	0.0000e+00
2.3700e+02	1.0100e+02	-5.3280e+00	-3.5426e-01	1.0000e+00	0.0000e+00
2.5600e+02	1.0100e+02	-3.5779e+00	-1.6979e+00	1.0000e+00	0.0000e+00
2.7500e+02	1.0100e+02	1.3891e-01	2.4310e+00	0.0000e+00	0.0000e+00
2.9400e+02	1.0100e+02	1.1217e-01	2.4032e+00	0.0000e+00	0.0000e+00
3.1300e+02	1.0100e+02	-8.3056e+00	-8.1319e+00	0.0000e+00	0.0000e+00
3.3200e+02	1.0100e+02	-1.0126e+01	-6.4217e+00	0.0000e+00	0.0000e+00
3.5100e+02	1.0100e+02	-6.5063e+00	-2.9418e+00	1.0000e+00	0.0000e+00
3.7000e+02	1.0100e+02	-1.6314e+00	2.5199e-02	0.0000e+00	0.0000e+00
3.8900e+02	1.0100e+02	-5.5952e+00	-4.4983e+00	1.0000e+00	0.0000e+00
4.0800e+02	1.0100e+02	-4.3199e+00	-3.8294e+00	1.0000e+00	0.0000e+00
4.2700e+02	1.0100e+02	-3.1777e+00	-3.4361e+00	1.0000e+00	0.0000e+00
4.4600e+02	1.0100e+02	-4.0753e+00	-3.1434e+00	1.0000e+00	0.0000e+00
4.6500e+02	1.0100e+02	-3.8006e+00	-2.6643e+00	1.0000e+00	0.0000e+00
4.8400e+02	1.0100e+02	2.5567e+00	1.0099e+00	0.0000e+00	0.0000e+00
2.8000e+01	1.2000e+02	3.9582e+00	-5.7654e+00	1.0000e+00	0.0000e+00
4.7000e+01	1.2000e+02	2.3565e+00	-6.4248e+00	1.0000e+00	0.0000e+00
6.6000e+01	1.2000e+02	8.8673e+00	-9.4820e+00	0.0000e+00	0.0000e+00
8.5000e+01	1.2000e+02	9.6155e+00	-8.1585e+00	0.0000e+00	0.0000e+00
1.0400e+02	1.2000e+02	-4.4835e-01	-6.3836e+00	1.0000e+00	0.0000e+00
1.2300e+02	1.2000e+02	-4.5768e+00	-5.8593e+00	1.0000e+00	0.0000e+00
1.4200e+02	1.2000e+02	-5.5186e+00	-5.3358e+00	1.0000e+00	0.0000e+00
1.6100e+02	1.2000e+02	-6.7838e+00	-4.9415e+00	1.0000e+00	0.0000e+00
1.8000e+02	1.2000e+02	-7.1200e+00	-2.8232e+00	1.0000e+00	0.0000e+00
1.9900e+02	1.2000e+02	-7.3238e+00	-1.7900e+00	1.0000e+00	0.0000e+00
2.1800e+02	1.2000e+02	-8.0820e+00	-9.4737e+00	0.0000e+00	0.0000e+00
2.3700e+02	1.2000e+02	-6.4854e+00	-1.8817e-01	1.0000e+00	0.0000e+00
2.5600e+02	1.2000e+02	-3.9753e+00	-1.2527e+00	1.0000e+00	0.0000e+00
2.7500e+02	1.2000e+02	1.1753e+00	8.7959e+00	0.0000e+00	0.0000e+00
2.9400e+02	1.2000e+02	-6.7749e+00	-2.0826e+00	1.0000e+00	0.0000e+00
3.1300e+02	1.2000e+02	-8.9417e+00	-1.0919e+01	0.0000e+00	0.0000e+00
3.3200e+02	1.2000e+02	-1.1856e+01	-2.6494e+01	0.0000e+00	0.0000e+00
3.5100e+02	1.2000e+02	-7.7458e+00	-3.8315e+00	1.0000e+00	0.0000e+00
3.7000e+02	1.2000e+02	-1.0456e+01	-9.8116e+00	0.0000e+00	0.0000e+00
3.8900e+02	1.2000e+02	-8.9531e+00	-1.5290e+01	0.0000e+00	0.0000e+00
4.0800e+02	1.2000e+02	-1.0975e+01	-9.8707e+00	0.0000e+00	0.0000e+00
4.2700e+02	1.2000e+02	-1.4133e+00	-4.3580e-01	0.0000e+00	0.0000e+00
4.4600e+02	1.2000e+02	-1.4062e+01	-2.6666e+01	0.0000e+00	0.0000e+00
4.6500e+02	1.2000e+02	-7.8732e+00	-8.9937e+00	0.0000e+00	0.0000e+00
4.8400e+02	1.2000e+02	2.3563e+00	1.1682e+00	0.0000e+00	0.0000e+00
2.8000e+01	1.3900e+02	8.3711e+00	1.6795e+00	0.0000e+00	0.0000e+00
4.7000e+01	1.3900e+02	7.7028e+00	8.3020e-01	0.0000e+00	0.0000e+00
6.6000e+01	1.3900e+02	4.9139e+00	-4.5338e+01	0.0000e+00	0.0000e+00
8.5000e+01	1.3900e+02	2.1242e+00	-5.4232e+00	1.0000e+00	0.0000e+00
1.0400e+02	1.3900e+02	1.6697e+01	-1.4475e+01	0.0000e+00	0.0000e+00
1.2300e+02	1.3900e+02	-3.0187e+00	-5.1655e+00	1.0000e+00	0.0000e+00
1.4200e+02	1.3900e+02	-3.5280e+00	-4.8119e+00	1.0000e+00	0.0000e+00
1.6100e+02	1.3900e+02	-5.4543e+00	-3.9384e+00	1.0000e+00	0.0000e+00
1.8000e+02	1.3900e+02	-6.9257e+00	-1.8654e+00	1.0000e+00	0.0000e+00
1.9900e+02	1.3900e+02	1.1003e+01	-3.3738e+01	0.0000e+00	0.0000e+00
2.1800e+02	1.3900e+02	-9.1597e+00	-8.0774e+00	0.0000e+00	0.0000e+00
2.3700e+02	1.3900e+02	-7.5096e+00	3.4527e-01	1.0000e+00	0.0000e+00
2.5600e+02	1.3900e+02	-6.0765e+00	2.6625e-01	1.0000e+00	0.0000e+00
2.7500e+02	1.3900e+02	6.9206e+00	-3.9801e+01	0.0000e+00	0.0000e+00
2.9400e+02	1.3900e+02	-4.3180e+00	1.9550e+00	0.0000e+00	0.0000e+00
3.1300e+02	1.3900e+02	-7.6365e+00	5.4899e-01	0.0000e+00	0.0000e+00
3.3200e+02	1.3900e+02	-9.1492e+00	-6.3650e+00	0.0000e+00	0.0000e+00
3.5100e+02	1.3900e+02	-9.4040e+00	-2.8880e+00	1.0000e+00	0.0000e+00
3.7000e+02	1.3900e+02	-1.3275e+00	1.8415e+00	0.0000e+00	0.0000e+00
3.8900e+02	1.3900e+02	-1.3949e+00	1.0799e+00	0.0000e+00	0.0000e+00
4.0800e+02	1.3900e+02	-6.2242e-01	3.6407e+00	0.0000e+00	0.0000e+00
4.2700e+02	1.3900e+02	4.4358e+00	1.2729e+00	0.0000e+00	0.0000e+00
4.4600e+02	1.3900e+02	-7.6326e-01	2.3216e+00	0.0000e+00	0.0000e+00
4.6500e+02	1.3900e+02	-8.9806e+00	1.2342e+00	0.0000e+00	0.0000e+00
4.8400e+02	1.3900e+02	-4.5804e+00	-3.3489e+00	1.0000e+00	0.0000e+00
2.8000e+01	1.5800e+02	4.3665e+00	-6.9473e+00	1.0000e+00	0.0000e+00
4.7000e+01	1.5800e+02	-4.0119e-01	-8.6814e+00	0.0000e+00	0.0000e+00
6.6000e+01	1.5800e+02	-4.5679e-03	-8.5053e+00	0.0000e+00	0.0000e+00
8.5000e+01	1.5800e+02	2.2119e+00	-5.6041e+00	1.0000e+00	0.0000e+00
1.0400e+02	1.5800e+02	5.2138e-01	-5.0823e+00	1.0000e+00	0.0000e+00
1.2300e+02	1.5800e+02	-5.6180e+00	-4.5127e+01	0.0000e+00	0.0000e+00
1.4200e+02	1.5800e+02	-4.2560e+00	-3.5045e+00	1.0000e+00	0.0000e+00
1.6100e+02	1.5800e+02	-6.2164e+00	-2.1666e+00	1.0000e+00	0.0000e+00
1.8000e+02	1.5800e+02	-4.8546e+01	3.6064e+01	0.0000e+00	0.0000e+00
1.9900e+02	1.5800e+02	-3.9065e+00	-9.1204e+00	0.0000e+00	0.0000e+00
2.1800e+02	1.5800e+02	-5.2404e+00	-8.8054e+00	0.0000e+00	0.0000e+00
2.3700e+02	1.5800e+02	-9.1476e+00	1.6250e+00	1.0000e+00	0.0000e+00
2.5600e+02	1.5800e+02	-8.1914e+00	1.3586e+00	1.0000e+00	0.0000e+00
2.7500e+02	1.5800e+02	-8.3012e+00	-3.3918e-02	1.0000e+00	0.0000e+00
2.9400e+02	1.5800e+02	2.2966e-01	5.7953e+00	0.0000e+00	0.0000e+00
3.1300e+02	1.5800e+02	-9.2987e+00	-2.6259e+00	1.0000e+00	0.0000e+00
3.3200e+02	1.5800e+02	-8.4928e+00	-4.6332e+00	1.0000e+00	0.0000e+00
3.5100e+02	1.5800e+02	-8.8405e+00	-4.6864e+00	1.0000e+00	0.0000e+00
3.7000e+02	1.5800e+02	-1.1396e+00	2.0503e+00	0.0000e+00	0.0000e+00
3.8900e+02	1.5800e+02	-1.2450e+00	1.6858e+00	0.0000e+00	0.0000e+00
4.0800e+02	1.5800e+02	-1.9691e+00	3.5877e+00	0.0000e+00	0.0000e+00
4.2700e+02	1.5800e+02	-4.8528e+00	-3.3826e+00	1.0000e+00	0.0000e+00
4.4600e+02	1.5800e+02	-7.8732e-01	3.1160e+00	0.0000e+00	0.0000e+00
4.6500e+02	1.5800e+02	-8.8113e+00	3.3755e+00	0.0000e+00	0.0000e+00
4.8400e+02	1.5800e+02	-3.9948e+00	-1.5236e+00	1.0000e+00	0.0000e+00
2.8000e+01	1.7700e+02	3.7258e+00	-6.0936e+00	1.0000e+00	0.0000e+00
4.7000e+01	1.7700e+02	1.7610e-01	2.2025e+00	0.0000e+00	0.0000e+00
6.6000e+01	1.7700e+02	-1.6930e+00	2.2118e+00	0.0000e+00	0.0000e+00
8.5000e+01	1.7700e+02	1.9617e+00	-4.7486e+00	1.0000e+00	0.0000e+00
1.0400e+02	1.7700e+02	8.4407e+00	-7.7850e+00	0.0000e+00	0.0000e+00
1.2300e+02	1.7700e+02	8.8656e+00	3.2431e+01	0.0000e+00	0.0000e+00
1.4200e+02	1.7700e+02	-4.9300e+00	-1.5724e+00	1.0000e+00	0.0000e+00
1.6100e+02	1.7700e+02	-6.7076e+00	-1.2858e-01	1.0000e+00	0.0000e+00
1.8000e+02	1.7700e+02	-4.7910e+01	-2.3665e+01	0.0000e+00	0.0000e+00
1.9900e+02	1.7700e+02	-1.2871e+00	2.0943e+00	0.0000e+00	0.0000e+00
2.1800e+02	1.7700e+02	-1.5296e+00	1.9432e+00	0.0000e+00	0.0000e+00
2.3700e+02	1.7700e+02	-8.0523e+00	3.6767e+01	0.0000e+00	0.0000e+00
2.5600e+02	1.7700e+02	-9.1604e+00	2.0181e+00	1.0000e+00	0.0000e+00
2.7500e+02	1.7700e+02	-8.4860e+00	-9.1705e-01	1.0000e+00	0.0000e+00
2.9400e+02	1.7700e+02	2.9835e-01	-3.2921e+00	0.0000e+00	0.0000e+00
3.1300e+02	1.7700e+02	-1.0616e+01	-4.6371e+00	1.0000e+00	0.0000e+00
3.3200e+02	1.7700e+02	-8.4662e+00	-1.0260e+01	0.0000e+00	0.0000e+00
3.5100e+02	1.7700e+02	-1.7626e+01	-1.8299e+01	0.0000e+00	0.0000e+00
3.7000e+02	1.7700e+02	-9.3857e+00	-6.5384e+00	1.0000e+00	0.0000e+00
3.8900e+02	1.7700e+02	-8.1507e+00	-7.2019e+00	1.0000e+00	0.0000e+00
4.0800e+02	1.7700e+02	-7.4660e+00	-5.3663e+00	1.0000e+00	0.0000e+00
4.2700e+02	1.7700e+02	-5.0016e+00	-3.2504e+00	1.0000e+00	0.0000e+00
4.4600e+02	1.7700e+02	-4.6204e+00	-2.4695e+00	1.0000e+00	0.0000e+00
4.6500e+02	1.7700e+02	-4.2248e+00	-1.4952e+00	1.0000e+00	0.0000e+00
4.8400e+02	1.7700e+02	-8.2710e+00	3.9341e+00	0.0000e+00	0.0000e+00
2.8000e+01	1.9600e+02	2.9589e+00	-4.7955e+00	1.0000e+00	0.0000e+00
4.7000e+01	1.9600e+02	1.6286e+00	7.7412e+00	0.0000e+00	0.0000e+00
6.6000e+01	1.9600e+02	-1.5849e+00	7.6262e+00	0.0000e+00	0.0000e+00
8.5000e+01	1.9600e+02	3.0665e+01	-2.6461e+01	0.0000e+00	0.0000e+00
1.0400e+02	1.9600e+02	-3.9876e-02	-2.8420e+00	1.0000e+00	0.0000e+00
1.2300e+02	1.9600e+02	1.8971e+01	2.9064e+01	0.0000e+00	0.0000e+00
1.4200e+02	1.9600e+02	-4.9545e+00	-9.1580e-01	1.0000e+00	0.0000e+00
1.6100e+02	1.9600e+02	-6.3824e+00	7.0028e-01	1.0000e+00	0.0000e+00
1.8000e+02	1.9600e+02	-8.4641e+00	2.6139e+00	1.0000e+00	0.0000e+00
1.9900e+02	1.9600e+02	-1.3967e+00	6.9382e+00	0.0000e+00	0.0000e+00
2.1800e+02	1.9600e+02	-1.9831e+00	7.8245e+00	0.0000e+00	0.0000e+00
2.3700e+02	1.9600e+02	-1.0275e+01	2.8110e+00	1.0000e+00	0.0000e+00
2.5600e+02	1.9600e+02	-9.6391e+00	2.7000e+00	1.0000e+00	0.0000e+00
2.7500e+02	1.9600e+02	-8.8355e+00	5.9967e-01	1.0000e+00	0.0000e+00
2.9400e+02	1.9600e+02	-3.6808e+01	2.9524e+01	0.0000e+00	0.0000e+00
3.1300e+02	1.9600e+02	-3.6384e+01	2.7345e+01	0.0000e+00	0.0000e+00
3.3200e+02	1.9600e+02	-9.1921e+00	-5.0077e+00	1.0000e+00	0.0000e+00
3.5100e+02	1.9600e+02	-9.2555e+00	-3.6148e+00	1.0000e+00	0.0000e+00
3.7000e+02	1.9600e+02	-8.5493e+00	-4.3019e+00	1.0000e+00	0.0000e+00
3.8900e+02	1.9600e+02	-9.3599e+00	-1.4279e+01	0.0000e+00	0.0000e+00
4.0800e+02	1.9600e+02	-8.4622e+00	-1.1369e+01	0.0000e+00	0.0000e+00
4.2700e+02	1.9600e+02	-4.5260e+00	-1.6074e+00	1.0000e+00	0.0000e+00
4.4600e+02	1.9600e+02	-8.1070e+00	-6.5795e+00	0.0000e+00	0.0000e+00
4.6500e+02	1.9600e+02	-3.5236e+00	6.9961e-02	1.0000e+00	0.0000e+00
4.8400e+02	1.9600e+02	-3.3956e+00	4.8236e-01	1.0000e+00	0.0000e+00
2.8000e+01	2.1500e+02	1.5984e+00	-2.5266e+00	1.0000e+00	0.0000e+00
4.7000e+01	2.1500e+02	9.8572e-01	-1.2499e+00	1.0000e+00	0.0000e+00
6.6000e+01	2.1500e+02	2.9421e-01	-1.3768e+00	1.0000e+00	0.0000e+00
8.5000e+01	2.1500e+02	-6.0719e-01	-3.5673e+01	0.0000e+00	0.0000e+00
1.0400e+02	2.1500e+02	-2.3293e+00	-4.9641e-01	1.0000e+00	0.0000e+00
1.2300e+02	2.1500e+02	-4.8866e+00	-2.1594e-01	1.0000e+00	0.0000e+00
1.4200e+02	2.1500e+02	-7.2087e+00	5.1033e-01	1.0000e+00	0.0000e+00
1.6100e+02	2.1500e+02	-8.4024e+00	2.1394e+00	1.0000e+00	0.0000e+00
1.8000e+02	2.1500e+02	-8.6452e+00	1.7461e+00	1.0000e+00	0.0000e+00
1.9900e+02	2.1500e+02	-4.8923e+01	4.5527e+01	0.0000e+00	0.0000e+00
2.1800e+02	2.1500e+02	-3.4132e+00	-3.7579e+00	0.0000e+00	0.0000e+00
2.3700e+02	2.1500e+02	-8.0143e+00	-5.5751e+00	0.0000e+00	0.0000e+00
2.5600e+02	2.1500e+02	-4.4425e+01	4.5246e+01	0.0000e+00	0.0000e+00
2.7500e+02	2.1500e+02	-7.6925e+00	9.7346e-01	1.0000e+00	0.0000e+00
2.9400e+02	2.1500e+02	1.7307e+00	5.9106e-01	0.0000e+00	0.0000e+00
3.1300e+02	2.1500e+02	-9.3440e+00	-2.2675e-01	0.0000e+00	0.0000e+00
3.3200e+02	2.1500e+02	-9.3595e+00	-3.8752e+00	1.0000e+00	0.0000e+00
3.5100e+02	2.1500e+02	-4.1137e+01	-3.8353e+01	0.0000e+00	0.0000e+00
3.7000e+02	2.1500e+02	-9.7832e+00	-2.9148e+01	0.0000e+00	0.0000e+00
3.8900e+02	2.1500e+02	-7.4634e+00	-4.8015e+00	1.0000e+00	0.0000e+00
4.0800e+02	2.1500e+02	-6.6633e+00	-3.5088e+00	1.0000e+00	0.0000e+00
4.2700e+02	2.1500e+02	-5.2349e+00	-1.3705e+00	1.0000e+00	0.0000e+00
4.4600e+02	2.1500e+02	-4.6865e+00	-5.5387e-01	1.0000e+00	0.0000e+00
4.6500e+02	2.1500e+02	-4.0563e+00	5.1264e-01	1.0000e+00	0.0000e+00
4.8400e+02	2.1500e+02	-4.1434e+00	2.4135e+00	1.0000e+00	0.0000e+00
2.8000e+01	2.3400e+02	2.7130e+00	1.6672e+00	0.0000e+00	0.0000e+00
4.7000e+01	2.3400e+02	-1.0093e+00	7.5033e-01	0.0000e+00	0.0000e+00
6.6000e+01	2.3400e+02	-2.7041e+00	1.0105e+00	0.0000e+00	0.0000e+00
8.5000e+01	2.3400e+02	-9.0260e-01	1.0897e+00	1.0000e+00	0.0000e+00
1.0400e+02	2.3400e+02	7.7662e-01	-5.8169e+00	0.0000e+00	0.0000e+00
1.2300e+02	2.3400e+02	-3.7647e+00	5.2788e-01	1.0000e+00	0.0000e+00
1.4200e+02	2.3400e+02	-5.9289e+00	9.0165e-01	1.0000e+00	0.0000e+00
1.6100e+02	2.3400e+02	-6.3765e+00	1.5882e+00	1.0000e+00	0.0000e+00
1.8000e+02	2.3400e+02	-5.8578e+00	1.8513e+00	1.0000e+00	0.0000e+00
1.9900e+02	2.3400e+02	-4.2031e+01	4.1336e+01	0.0000e+00	0.0000e+00
2.1800e+02	2.3400e+02	-9.5073e-01	5.6208e+00	0.0000e+00	0.0000e+00
2.3700e+02	2.3400e+02	-6.9194e+00	5.9559e+00	0.0000e+00	0.0000e+00
2.5600e+02	2.3400e+02	-7.6216e+00	3.4482e+00	1.0000e+00	0.0000e+00
2.7500e+02	2.3400e+02	3.3070e+00	-4.5881e+01	0.0000e+00	0.0000e+00
2.9400e+02	2.3400e+02	-8.9931e+00	-3.7538e-01	1.0000e+00	0.0000e+00
3.1300e+02	2.3400e+02	-1.0112e+01	-1.2957e+00	1.0000e+00	0.0000e+00
3.3200e+02	2.3400e+02	-5.4011e+00	-3.1493e+01	0.0000e+00	0.0000e+00
3.5100e+02	2.3400e+02	-4.8403e+01	-2.8520e+01	0.0000e+00	0.0000e+00
3.7000e+02	2.3400e+02	-8.9234e+00	-4.6549e+00	1.0000e+00	0.0000e+00
3.8900e+02	2.3400e+02	-8.2645e+00	-4.9403e+00	1.0000e+00	0.0000e+00
4.0800e+02	2.3400e+02	-1.4506e+00	2.4809e+00	0.0000e+00	0.0000e+00
4.2700e+02	2.3400e+02	-6.4416e+00	3.6349e+00	0.0000e+00	0.0000e+00
4.4600e+02	2.3400e+02	-6.4422e+00	5.7559e-01	0.0000e+00	0.0000e+00
4.6500e+02	2.3400e+02	7.0417e+00	9.2944e-01	0.0000e+00	0.0000e+00
4.8400e+02	2.3400e+02	-2.7468e-01	1.2733e+00	0.0000e+00	0.0000e+00
2.8000e+01	2.5300e+02	1.3364e+00	1.9279e+00	1.0000e+00	0.0000e+00
4.7000e+01	2.5300e+02	-8.4954e-01	1.3595e+00	0.0000e+00	0.0000e+00
6.6000e+01	2.5300e+02	-7.2858e-01	4.3441e+00	0.0000e+00	0.0000e+00
8.5000e+01	2.5300e+02	-1.1988e+00	2.0234e+00	1.0000e+00	0.0000e+00
1.0400e+02	2.5300e+02	-2.4897e+00	2.1706e+00	1.0000e+00	0.0000e+00
1.2300e+02	2.5300e+02	9.5806e-01	1.5541e+00	0.0000e+00	0.0000e+00
1.4200e+02	2.5300e+02	-4.8393e+00	1.5005e+00	1.0000e+00	0.0000e+00
1.6100e+02	2.5300e+02	-5.0396e+00	1.7242e+00	1.0000e+00	0.0000e+00
1.8000e+02	2.5300e+02	-4.1734e+00	7.1701e-01	1.0000e+00	0.0000e+00
1.9900e+02	2.5300e+02	-1.5433e+01	-1.7656e+01	0.0000e+00	0.0000e+00
2.1800e+02	2.5300e+02	-2.8586e-01	8.6146e+00	0.0000e+00	0.0000e+00
2.3700e+02	2.5300e+02	-1.3910e+01	1.0286e+01	0.0000e+00	0.0000e+00
2.5600e+02	2.5300e+02	-6.3426e+00	3.8102e+00	1.0000e+00	0.0000e+00
2.7500e+02	2.5300e+02	-4.8231e+00	2.4262e+00	1.0000e+00	0.0000e+00
2.9400e+02	2.5300e+02	-7.6465e+00	1.2727e+00	1.0000e+00	0.0000e+00
3.1300e+02	2.5300e+02	-8.9223e+00	1.9336e+00	1.0000e+00	0.0000e+00
3.3200e+02	2.5300e+02	-8.9960e+00	-3.9162e-01	1.0000e+00	0.0000e+00
3.5100e+02	2.5300e+02	3.2852e+01	2.6124e+01	0.0000e+00	0.0000e+00
3.7000e+02	2.5300e+02	-1.1238e+01	4.6237e+00	0.0000e+00	0.0000e+00
3.8900e+02	2.5300e+02	-8.3855e+00	-2.0186e+00	1.0000e+00	0.0000e+00
4.0800e+02	2.5300e+02	-1.0710e+00	1.9401e+00	0.0000e+00	0.0000e+00
4.2700e+02	2.5300e+02	-6.1963e+00	3.4647e+00	0.0000e+00	0.0000e+00
4.4600e+02	2.5300e+02	-6.0295e+00	9.6268e-01	1.0000e+00	0.0000e+00
4.6500e+02	2.5300e+02	6.6457e+00	1.5687e+00	0.0000e+00	0.0000e+00
4.8400e+02	2.5300e+02	-6.9357e-01	1.9054e+00	0.0000e+00	0.0000e+00
2.8000e+01	2.7200e+02	-1.1277e+00	4.4589e+00	1.0000e+00	0.0000e+00
4.7000e+01	2.7200e+02	-2.3131e+00	4.4037e+00	1.0000e+00	0.0000e+00
6.6000e+01	2.7200e+02	-3.0776e+00	3.5519e+00	1.0000e+00	0.0000e+00
8.5000e+01	2.7200e+02	-2.1634e+00	3.6171e+00	1.0000e+00	0.0000e+00
1.0400e+02	2.7200e+02	-2.8783e+01	5.2267e+01	0.0000e+00	0.0000e+00
1.2300e+02	2.7200e+02	-3.6465e+01	-3.1051e+01	0.0000e+00	0.0000e+00
1.4200e+02	2.7200e+02	-4.6477e+00	1.8117e+00	1.0000e+00	0.0000e+00
1.6100e+02	2.7200e+02	-3.9311e+00	9.8388e-01	1.0000e+00	0.0000e+00
1.8000e+02	2.7200e+02	-2.9170e+00	-5.6733e-01	1.0000e+00	0.0000e+00
1.9900e+02	2.7200e+02	-1.3099e+01	-2.5204e+01	0.0000e+00	0.0000e+00
2.1800e+02	2.7200e+02	-3.1213e+00	3.8766e-01	1.0000e+00	0.0000e+00
2.3700e+02	2.7200e+02	3.6852e+01	-4.5623e+01	0.0000e+00	0.0000e+00
2.5600e+02	2.7200e+02	-3.7275e+00	1.9337e+00	1.0000e+00	0.0000e+00
2.7500e+02	2.7200e+02	-2.3990e+00	1.4055e+00	1.0000e+00	0.0000e+00
2.9400e+02	2.7200e+02	-5.4154e+00	7.0067e-01	1.0000e+00	0.0000e+00
3.1300e+02	2.7200e+02	-6.8043e+00	1.7609e+00	1.0000e+00	0.0000e+00
3.3200e+02	2.7200e+02	3.3317e+00	9.5288e+00	0.0000e+00	0.0000e+00
3.5100e+02	2.7200e+02	-8.0633e+00	2.2180e+00	1.0000e+00	0.0000e+00
3.7000e+02	2.7200e+02	-8.5243e+00	6.2374e-01	1.0000e+00	0.0000e+00
3.8900e+02	2.7200e+02	-8.6993e+00	7.3219e-01	1.0000e+00	0.0000e+00
4.0800e+02	2.7200e+02	1.6699e+00	-3.4937e+01	0.0000e+00	0.0000e+00
4.2700e+02	2.7200e+02	-6.6495e+00	3.5094e+00	1.0000e+00	0.0000e+00
4.4600e+02	2.7200e+02	-9.9710e+00	1.3337e+01	0.0000e+00	0.0000e+00
4.6500e+02	2.7200e+02	-5.5238e+00	4.2542e+00	1.0000e+00	0.0000e+00
4.8400e+02	2.7200e+02	-1.0163e+01	3.0655e+01	0.0000e+00	0.0000e+00
2.8000e+01	2.9100e+02	1.6887e-01	7.3362e+00	1.0000e+00	0.0000e+00
4.7000e+01	2.9100e+02	-1.2188e+00	7.0458e+00	1.0000e+00	0.0000e+00
6.6000e+01	2.9100e+02	-2.1788e+00	1.6219e+01	0.0000e+00	0.0000e+00
8.5000e+01	2.9100e+02	1.7319e+01	2.3686e+01	0.0000e+00	0.0000e+00
1.0400e+02	2.9100e+02	-2.1627e+01	-4.3231e+01	0.0000e+00	0.0000e+00
1.2300e+02	2.9100e+02	-1.2915e+00	4.0522e+00	1.0000e+00	0.0000e+00
1.4200e+02	2.9100e+02	1.1097e+01	4.6546e+00	0.0000e+00	0.0000e+00
1.6100e+02	2.9100e+02	-9.8742e-01	6.5984e-01	1.0000e+00	0.0000e+00
1.8000e+02	2.9100e+02	-3.8517e-02	-1.2061e+00	1.0000e+00	0.0000e+00
1.9900e+02	2.9100e+02	-3.4968e-02	-4.5667e-01	1.0000e+00	0.0000e+00
2.1800e+02	2.9100e+02	4.2014e+01	-2.4784e+01	0.0000e+00	0.0000e+00
2.3700e+02	2.9100e+02	-9.0233e-01	-6.0143e-01	1.0000e+00	0.0000e+00
2.5600e+02	2.9100e+02	-2.0026e+00	4.2214e-01	1.0000e+00	0.0000e+00
2.7500e+02	2.9100e+02	-2.3528e+00	1.1227e+00	1.0000e+00	0.0000e+00
2.9400e+02	2.9100e+02	-1.7372e+01	3.7131e+01	0.0000e+00	0.0000e+00
3.1300e+02	2.9100e+02	8.6451e+00	6.6029e+00	0.0000e+00	0.0000e+00
3.3200e+02	2.9100e+02	-6.1418e+00	2.9530e+00	1.0000e+00	0.0000e+00
3.5100e+02	2.9100e+02	-2.2119e+01	-3.9065e+01	0.0000e+00	0.0000e+00
3.7000e+02	2.9100e+02	-8.6952e+00	3.8210e+00	1.0000e+00	0.0000e+00
3.8900e+02	2.9100e+02	-8.7355e+00	3.5937e+00	1.0000e+00	0.0000e+00
4.0800e+02	2.9100e+02	-7.2566e+00	3.3688e+00	1.0000e+00	0.0000e+00
4.2700e+02	2.9100e+02	-6.6260e+00	5.1551e+00	1.0000e+00	0.0000e+00
4.4600e+02	2.9100e+02	-1.1699e+01	6.5425e+00	0.0000e+00	0.0000e+00
4.6500e+02	2.9100e+02	-6.4600e+00	-1.8356e+01	0.0000e+00	0.0000e+00
4.8400e+02	2.9100e+02	-1.1454e+01	2.4845e+01	0.0000e+00	0.0000e+00
2.8000e+01	3.1000e+02	8.0744e+00	-2.3702e+00	0.0000e+00	0.0000e+00
4.7000e+01	3.1000e+02	-2.1007e+00	9.7653e+00	1.0000e+00	0.0000e+00
6.6000e+01	3.1000e+02	-2.5520e+00	8.3406e+00	1.0000e+00	0.0000e+00
8.5000e+01	3.1000e+02	-1.1771e+00	7.8795e+00	1.0000e+00	0.0000e+00
1.0400e+02	3.1000e+02	1.0240e+00	1.5013e+01	0.0000e+00	0.0000e+00
1.2300e+02	3.1000e+02	-1.2075e+00	5.9696e+00	1.0000e+00	0.0000e+00
1.4200e+02	3.1000e+02	9.0905e+00	8.9323e+00	0.0000e+00	0.0000e+00
1.6100e+02	3.1000e+02	-8.0971e-02	8.6564e-01	1.0000e+00	0.0000e+00
1.8000e+02	3.1000e+02	2.1722e+00	-1.8399e+00	1.0000e+00	0.0000e+00
1.9900e+02	3.1000e+02	2.2023e+00	-1.1849e+00	1.0000e+00	0.0000e+00
2.1800e+02	3.1000e+02	1.8758e+00	-1.8297e+00	1.0000e+00	0.0000e+00
2.3700e+02	3.1000e+02	6.6577e-01	-7.0714e-01	1.0000e+00	0.0000e+00
2.5600e+02	3.1000e+02	1.6432e+01	4.8137e+01	0.0000e+00	0.0000e+00
2.7500e+02	3.1000e+02	-1.7499e+00	2.6013e+00	1.0000e+00	0.0000e+00
2.9400e+02	3.1000e+02	-3.8099e+00	3.6146e+00	1.0000e+00	0.0000e+00
3.1300e+02	3.1000e+02	-4.6101e+00	5.9581e+00	1.0000e+00	0.0000e+00
3.3200e+02	3.1000e+02	-5.8742e+00	6.1302e+00	1.0000e+00	0.0000e+00
3.5100e+02	3.1000e+02	-8.3503e+00	7.0184e+00	1.0000e+00	0.0000e+00
3.7000e+02	3.1000e+02	-8.2402e+00	3.0178e+01	0.0000e+00	0.0000e+00
3.8900e+02	3.1000e+02	-9.3505e+00	2.8171e+01	0.0000e+00	0.0000e+00
4.0800e+02	3.1000e+02	-9.0184e+00	5.2986e+01	0.0000e+00	0.0000e+00
4.2700e+02	3.1000e+02	-2.1368e+01	-4.9032e+01	0.0000e+00	0.0000e+00
4.4600e+02	3.1000e+02	-8.4126e+00	3.2199e+00	0.0000e+00	0.0000e+00
4.6500e+02	3.1000e+02	-7.8985e+00	5.1938e+00	1.0000e+00	0.0000e+00
4.8400e+02	3.1000e+02	-9.4762e+00	-1.7589e+01	0.0000e+00	0.0000e+00
2.8000e+01	3.2900e+02	6.3098e+00	9.0380e+00	0.0000e+00	0.0000e+00
4.7000e+01	3.2900e+02	1.2736e+01	1.1389e+01	0.0000e+00	0.0000e+00
6.6000e+01	3.2900e+02	-4.8384e+01	1.8825e+01	0.0000e+00	0.0000e+00
8.5000e+01	3.2900e+02	-6.0361e+00	1.4695e+01	0.0000e+00	0.0000e+00
1.0400e+02	3.2900e+02	-6.0369e-01	8.9144e+00	1.0000e+00	0.0000e+00
1.2300e+02	3.2900e+02	8.0785e-02	8.1104e+00	1.0000e+00	0.0000e+00
1.4200e+02	3.2900e+02	3.8397e+01	7.5013e+00	0.0000e+00	0.0000e+00
1.6100e+02	3.2900e+02	1.4166e+00	3.1914e+00	1.0000e+00	0.0000e+00
1.8000e+02	3.2900e+02	4.0694e+00	-2.2406e-02	1.0000e+00	0.0000e+00
1.9900e+02	3.2900e+02	-2.6826e+00	-2.0196e+01	0.0000e+00	0.0000e+00
2.1800e+02	3.2900e+02	3.4407e+00	-5.4138e-01	1.0000e+00	0.0000e+00
2.3700e+02	3.2900e+02	-8.6153e+00	-7.5716e+00	0.0000e+00	0.0000e+00
2.5600e+02	3.2900e+02	-2.5698e+01	-9.2248e+00	0.0000e+00	0.0000e+00
2.7500e+02	3.2900e+02	4.8088e+01	5.1687e+00	0.0000e+00	0.0000e+00
2.9400e+02	3.2900e+02	8.0181e+00	1.5820e+01	0.0000e+00	0.0000e+00
3.1300e+02	3.2900e+02	-5.3347e+00	5.2952e+00	1.0000e+00	0.0000e+00
3.3200e+02	3.2900e+02	-1.9593e+01	8.0149e+00	0.0000e+00	0.0000e+00
3.5100e+02	3.2900e+02	-9.2948e+00	6.8487e+00	1.0000e+00	0.0000e+00
3.7000e+02	3.2900e+02	-9.7834e+00	5.2548e+00	1.0000e+00	0.0000e+00
3.8900e+02	3.2900e+02	-1.0368e+01	5.5739e+00	1.0000e+00	0.0000e+00
4.0800e+02	3.2900e+02	-9.4760e+00	5.3304e+01	0.0000e+00	0.0000e+00
4.2700e+02	3.2900e+02	-8.6535e+00	6.1298e+00	1.0000e+00	0.0000e+00
4.4600e+02	3.2900e+02	-1.7477e+00	1.7578e+00	0.0000e+00	0.0000e+00
4.6500e+02	3.2900e+02	-3.5307e+00	1.8789e+00	0.0000e+00	0.0000e+00
4.8400e+02	3.2900e+02	-5.5277e+00	2.7481e+01	0.0000e+00	0.0000e+00
2.8000e+01	3.4800e+02	1.8134e+00	1.1651e+01	1.0000e+00	0.0000e+00
4.7000e+01	3.4800e+02	9.0369e+00	7.4268e+00	0.0000e+00	0.0000e+00
6.6000e+01	3.4800e+02	2.3243e+01	8.6328e+00	0.0000e+00	0.0000e+00
8.5000e+01	3.4800e+02	1.2930e+00	9.7092e+00	1.0000e+00	0.0000e+00
1.0400e+02	3.4800e+02	8.8876e-01	9.6005e+00	1.0000e+00	0.0000e+00
1.2300e+02	3.4800e+02	1.7291e+00	8.9780e+00	1.0000e+00	0.0000e+00
1.4200e+02	3.4800e+02	3.2253e+00	6.9922e+00	1.0000e+00	0.0000e+00
1.6100e+02	3.4800e+02	2.9623e+01	-8.3208e+00	0.0000e+00	0.0000e+00
1.8000e+02	3.4800e+02	6.0804e+00	3.0362e+00	1.0000e+00	0.0000e+00
1.9900e+02	3.4800e+02	-1.8971e+00	3.0236e+00	0.0000e+00	0.0000e+00
2.1800e+02	3.4800e+02	4.1738e+00	1.6122e+00	1.0000e+00	0.0000e+00
2.3700e+02	3.4800e+02	-9.2133e+00	-9.0862e+00	0.0000e+00	0.0000e+00
2.5600e+02	3.4800e+02	-9.7013e+00	-9.7670e+00	0.0000e+00	0.0000e+00
2.7500e+02	3.4800e+02	-5.0967e-01	2.0799e+00	0.0000e+00	0.0000e+00
2.9400e+02	3.4800e+02	-5.5682e+00	3.5424e+00	1.0000e+00	0.0000e+00
3.1300e+02	3.4800e+02	-1.3717e+01	1.8107e+01	0.0000e+00	0.0000e+00
3.3200e+02	3.4800e+02	-4.5474e+01	1.1788e+01	0.0000e+00	0.0000e+00
3.5100e+02	3.4800e+02	-1.1348e+01	7.8239e+00	1.0000e+00	0.0000e+00
3.7000e+02	3.4800e+02	3.2399e+01	1.0067e+01	0.0000e+00	0.0000e+00
3.8900e+02	3.4800e+02	-1.2091e+01	6.2153e+00	1.0000e+00	0.0000e+00
4.0800e+02	3.4800e+02	-3.3004e+01	-2.6142e+01	0.0000e+00	0.0000e+00
4.2700e+02	3.4800e+02	-1.0092e+01	4.0556e+01	0.0000e+00	0.0000e+00
4.4600e+02	3.4800e+02	-1.4893e+00	2.3990e+00	0.0000e+00	0.0000e+00
4.6500e+02	3.4800e+02	-3.3776e+00	2.2326e+00	0.0000e+00	0.0000e+00
4.8400e+02	3.4800e+02	-8.9827e+00	1.0949e+01	0.0000e+00	0.0000e+00
2.8000e+01	3.6700e+02	2.2641e+00	9.0176e+00	1.0000e+00	0.0000e+00
4.7000e+01	3.6700e+02	9.3015e+00	8.9539e+00	0.0000e+00	0.0000e+00
6.6000e+01	3.6700e+02	7.2994e-01	9.7386e+00	1.0000e+00	0.0000e+00
8.5000e+01	3.6700e+02	8.6549e+00	3.6146e+01	0.0000e+00	0.0000e+00
1.0400e+02	3.6700e+02	-5.3971e+01	3.1554e+01	0.0000e+00	0.0000e+00
1.2300e+02	3.6700e+02	4.4188e+00	1.0156e+00	0.0000e+00	0.0000e+00
1.4200e+02	3.6700e+02	2.1445e+00	1.3625e+00	0.0000e+00	0.0000e+00
1.6100e+02	3.6700e+02	4.9926e+00	7.9456e+00	1.0000e+00	0.0000e+00
1.8000e+02	3.6700e+02	5.9454e+00	5.5003e+00	1.0000e+00	0.0000e+00
1.9900e+02	3.6700e+02	6.2054e+00	3.4295e-01	0.0000e+00	0.0000e+00
2.1800e+02	3.6700e+02	3.2901e+00	3.7524e+00	1.0000e+00	0.0000e+00
2.3700e+02	3.6700e+02	1.6944e+00	1.9834e+00	1.0000e+00	0.0000e+00
2.5600e+02	3.6700e+02	-5.1323e-01	2.0215e+00	1.0000e+00	0.0000e+00
2.7500e+02	3.6700e+02	-9.4761e+00	-1.2528e+01	0.0000e+00	0.0000e+00
2.9400e+02	3.6700e+02	-5.9525e+00	3.6609e+00	1.0000e+00	0.0000e+00
3.1300e+02	3.6700e+02	-2.4613e+00	3.6024e+00	0.0000e+00	0.0000e+00
3.3200e+02	3.6700e+02	-1.3143e+00	3.2896e+00	0.0000e+00	0.0000e+00
3.5100e+02	3.6700e+02	-1.2018e+01	7.4010e+00	1.0000e+00	0.0000e+00
3.7000e+02	3.6700e+02	-1.3125e+01	6.3556e+00	1.0000e+00	0.0000e+00
3.8900e+02	3.6700e+02	-3.2529e+01	9.5041e+00	0.0000e+00	0.0000e+00
4.0800e+02	3.6700e+02	-3.0850e+01	-2.8615e+00	0.0000e+00	0.0000e+00
4.2700e+02	3.6700e+02	-8.5271e+00	-3.4419e+01	0.0000e+00	0.0000e+00
4.4600e+02	3.6700e+02	-1.1708e+01	4.1426e+01	0.0000e+00	0.0000e+00
4.6500e+02	3.6700e+02	-2.2973e+00	4.2541e+00	0.0000e+00	0.0000e+00
4.8400e+02	3.6700e+02	-2.4288e+00	4.6078e+00	0.0000e+00	0.0000e+00
2.8000e+01	3.8600e+02	1.1728e+01	2.2749e+01	0.0000e+00	0.0000e+00
4.7000e+01	3.8600e+02	-1.2554e+00	9.8448e+00	1.0000e+00	0.0000e+00
6.6000e+01	3.8600e+02	1.0244e+01	8.1433e+00	0.0000e+00	0.0000e+00
8.5000e+01	3.8600e+02	3.6027e+00	9.2897e+00	0.0000e+00	0.0000e+00
1.0400e+02	3.8600e+02	-4.1790e+00	1.6999e+01	0.0000e+00	0.0000e+00
1.2300e+02	3.8600e+02	5.4001e+00	5.7076e+00	0.0000e+00	0.0000e+00
1.4200e+02	3.8600e+02	2.8526e+00	5.3112e+00	0.0000e+00	0.0000e+00
1.6100e+02	3.8600e+02	3.0897e+00	4.6797e+01	0.0000e+00	0.0000e+00
1.8000e+02	3.8600e+02	2.4637e+01	2.9485e+01	0.0000e+00	0.0000e+00
1.9900e+02	3.8600e+02	5.0251e+00	6.5997e+00	1.0000e+00	0.0000e+00
2.1800e+02	3.8600e+02	3.1829e+00	4.2788e+00	1.0000e+00	0.0000e+00
2.3700e+02	3.8600e+02	1.4062e+00	2.3252e+00	1.0000e+00	0.0000e+00
2.5600e+02	3.8600e+02	-1.0683e+00	1.7379e+00	1.0000e+00	0.0000e+00
2.7500e+02	3.8600e+02	-1.3661e+01	-8.5073e+00	0.0000e+00	0.0000e+00
2.9400e+02	3.8600e+02	-1.0253e+01	-8.0652e+00	0.0000e+00	0.0000e+00
3.1300e+02	3.8600e+02	1.0036e+00	8.8743e+00	0.0000e+00	0.0000e+00
3.3200e+02	3.8600e+02	-9.5533e+00	3.5739e+00	1.0000e+00	0.0000e+00
3.5100e+02	3.8600e+02	-1.3060e+01	4.4375e+00	1.0000e+00	0.0000e+00
3.7000e+02	3.8600e+02	-1.3761e+01	4.5993e+00	1.0000e+00	0.0000e+00
3.8900e+02	3.8600e+02	-1.1853e+01	-2.8711e+00	0.0000e+00	0.0000e+00
4.0800e+02	3.8600e+02	-1.2233e+01	5.0872e+00	1.0000e+00	0.0000e+00
4.2700e+02	3.8600e+02	-3.0506e+00	-2.9725e-01	0.0000e+00	0.0000e+00
4.4600e+02	3.8600e+02	-2.9093e+00	-3.6342e-01	0.0000e+00	0.0000e+00
4.6500e+02	3.8600e+02	-2.8777e+00	5.4961e+00	0.0000e+00	0.0000e+00
4.8400e+02	3.8600e+02	-2.5959e+00	5.1727e+00	0.0000e+00	0.0000e+00
2.8000e+01	4.0500e+02	2.7960e+01	6.4006e+00	0.0000e+00	0.0000e+00
4.7000e+01	4.0500e+02	-2.7470e-01	8.6443e+00	1.0000e+00	0.0000e+00
6.6000e+01	4.0500e+02	-3.9056e+01	1.3150e+01	0.0000e+00	0.0000e+00
8.5000e+01	4.0500e+02	1.7720e+00	9.2349e+00	1.0000e+00	0.0000e+00
1.0400e+02	4.0500e+02	9.4191e-01	1.1318e+01	1.0000e+00	0.0000e+00
1.2300e+02	4.0500e+02	8.4461e+00	7.5613e+00	0.0000e+00	0.0000e+00
1.4200e+02	4.0500e+02	6.2053e+00	8.3242e+00	0.0000e+00	0.0000e+00
1.6100e+02	4.0500e+02	5.3196e+00	1.0524e+01	1.0000e+00	0.0000e+00
1.8000e+02	4.0500e+02	6.0375e+00	8.8741e+00	1.0000e+00	0.0000e+00
1.9900e+02	4.0500e+02	-4.3419e-01	1.2759e+00	0.0000e+00	0.0000e+00
2.1800e+02	4.0500e+02	3.6207e+01	8.9980e+00	0.0000e+00	0.0000e+00
2.3700e+02	4.0500e+02	7.0128e-01	3.8901e+00	1.0000e+00	0.0000e+00
2.5600e+02	4.0500e+02	-1.9684e+00	2.8724e+00	1.0000e+00	0.0000e+00
2.7500e+02	4.0500e+02	-4.5174e+00	2.3850e+00	1.0000e+00	0.0000e+00
2.9400e+02	4.0500e+02	-8.7224e+00	1.3017e+00	1.0000e+00	0.0000e+00
3.1300e+02	4.0500e+02	-9.7702e+00	1.8072e+00	1.0000e+00	0.0000e+00
3.3200e+02	4.0500e+02	-1.1446e+01	2.2204e+00	1.0000e+00	0.0000e+00
3.5100e+02	4.0500e+02	-1.4151e+01	1.9811e+00	1.0000e+00	0.0000e+00
3.7000e+02	4.0500e+02	-2.6242e+01	8.1052e+00	0.0000e+00	0.0000e+00
3.8900e+02	4.0500e+02	-1.3696e+01	3.0442e+00	1.0000e+00	0.0000e+00
4.0800e+02	4.0500e+02	-4.6662e+01	9.1863e+00	0.0000e+00	0.0000e+00
4.2700e+02	4.0500e+02	-3.8586e+00	1.6989e+00	0.0000e+00	0.0000e+00
4.4600e+02	4.0500e+02	-4.0357e+00	1.9412e+00	0.0000e+00	0.0000e+00
4.6500e+02	4.0500e+02	-8.6882e+00	1.0362e+01	0.0000e+00	0.0000e+00
4.8400e+02	4.0500e+02	-6.3295e+00	5.0566e+00	1.0000e+00	0.0000e+00
2.8000e+01	4.2400e+02	3.3133e+01	-4.8674e+01	0.0000e+00	0.0000e+00
4.7000e+01	4.2400e+02	-3.0252e+01	9.6872e+00	0.0000e+00	0.0000e+00
6.6000e+01	4.2400e+02	2.3387e+01	1.2008e+01	0.0000e+00	0.0000e+00
8.5000e+01	4.2400e+02	1.0109e+00	9.1122e+00	1.0000e+00	0.0000e+00
1.0400e+02	4.2400e+02	-5.8457e-01	1.2057e+01	1.0000e+00	0.0000e+00
1.2300e+02	4.2400e+02	7.1313e+00	9.0124e-01	0.0000e+00	0.0000e+00
1.4200e+02	4.2400e+02	3.2214e+01	3.6886e+01	0.0000e+00	0.0000e+00
1.6100e+02	4.2400e+02	-3.1585e+00	4.0247e+01	0.0000e+00	0.0000e+00
1.8000e+02	4.2400e+02	6.5791e+00	3.1391e+00	0.0000e+00	0.0000e+00
1.9900e+02	4.2400e+02	-1.1228e+00	1.8837e+00	0.0000e+00	0.0000e+00
2.1800e+02	4.2400e+02	2.7183e+00	7.6921e+00	1.0000e+00	0.0000e+00
2.3700e+02	4.2400e+02	1.0660e+00	4.6582e+00	1.0000e+00	0.0000e+00
2.5600e+02	4.2400e+02	-8.0250e+00	9.2639e+00	0.0000e+00	0.0000e+00
2.7500e+02	4.2400e+02	-3.4119e+00	2.3462e+00	1.0000e+00	0.0000e+00
2.9400e+02	4.2400e+02	-7.8291e+00	8.7400e-01	1.0000e+00	0.0000e+00
3.1300e+02	4.2400e+02	-1.0042e+01	1.0077e+00	1.0000e+00	0.0000e+00
3.3200e+02	4.2400e+02	-1.1909e+01	1.1081e+00	1.0000e+00	0.0000e+00
3.5100e+02	4.2400e+02	-1.4291e+01	1.5009e+00	1.0000e+00	0.0000e+00
3.7000e+02	4.2400e+02	-1.4103e+01	1.1518e+00	1.0000e+00	0.0000e+00
3.8900e+02	4.2400e+02	-1.3962e+01	2.2267e+00	1.0000e+00	0.0000e+00
4.0800e+02	4.2400e+02	-1.3391e+01	2.7602e+00	1.0000e+00	0.0000e+00
4.2700e+02	4.2400e+02	-3.6265e+01	-7.6481e-01	0.0000e+00	0.0000e+00
4.4600e+02	4.2400e+02	-1.0589e+01	3.7626e+00	1.0000e+00	0.0000e+00
4.6500e+02	4.2400e+02	-9.3524e+00	3.4532e+00	1.0000e+00	0.0000e+00
4.8400e+02	4.2400e+02	-6.3869e+00	3.5603e+00	1.0000e+00	0.0000e+00
2.8000e+01	4.4300e+02	-7.0144e-01	1.9691e+00	0.0000e+00	0.0000e+00
4.7000e+01	4.4300e+02	-1.0112e+00	2.2705e+00	0.0000e+00	0.0000e+00
6.6000e+01	4.4300e+02	-5.2721e+01	1.0135e+01	0.0000e+00	0.0000e+00
8.5000e+01	4.4300e+02	2.8525e+00	8.8368e+00	0.0000e+00	0.0000e+00
1.0400e+02	4.4300e+02	-5.6892e-01	2.4564e+00	0.0000e+00	0.0000e+00
1.2300e+02	4.4300e+02	-1.2404e+00	2.4780e+00	0.0000e+00	0.0000e+00
1.4200e+02	4.4300e+02	2.0582e+01	4.6622e+01	0.0000e+00	0.0000e+00
1.6100e+02	4.4300e+02	-1.6643e+00	1.7098e+00	0.0000e+00	0.0000e+00
1.8000e+02	4.4300e+02	6.3206e+00	1.1290e+01	1.0000e+00	0.0000e+00
1.9900e+02	4.4300e+02	5.1625e+00	1.1467e+01	1.0000e+00	0.0000e+00
2.1800e+02	4.4300e+02	3.7128e+01	8.6275e+00	0.0000e+00	0.0000e+00
2.3700e+02	4.4300e+02	-2.4425e+01	2.2163e+00	0.0000e+00	0.0000e+00
2.5600e+02	4.4300e+02	-1.6080e+00	3.6084e+00	1.0000e+00	0.0000e+00
2.7500e+02	4.4300e+02	-2.4991e+00	9.0077e+00	0.0000e+00	0.0000e+00
2.9400e+02	4.4300e+02	-8.5090e+00	6.3321e-01	1.0000e+00	0.0000e+00
3.1300e+02	4.4300e+02	-1.0667e+01	6.3116e-01	1.0000e+00	0.0000e+00
3.3200e+02	4.4300e+02	-1.1979e+01	5.3664e-01	1.0000e+00	0.0000e+00
3.5100e+02	4.4300e+02	-1.4227e+01	7.3181e-01	1.0000e+00	0.0000e+00
3.7000e+02	4.4300e+02	-1.3923e+01	1.4064e+00	1.0000e+00	0.0000e+00
3.8900e+02	4.4300e+02	-1.3490e+01	1.6157e+00	1.0000e+00	0.0000e+00
4.0800e+02	4.4300e+02	-1.2776e+01	2.2283e+00	1.0000e+00	0.0000e+00
4.2700e+02	4.4300e+02	-1.1002e+01	3.6578e+00	1.0000e+00	0.0000e+00
4.4600e+02	4.4300e+02	-9.7621e+00	3.7647e+00	1.0000e+00	0.0000e+00
4.6500e+02	4.4300e+02	-8.9905e+00	3.6235e+00	1.0000e+00	0.0000e+00
4.8400e+02	4.4300e+02	-6.4162e+00	3.4789e+00	1.0000e+00	0.0000e+00
2.8000e+01	4.6200e+02	-4.5903e-01	2.1912e+00	0.0000e+00	0.0000e+00
4.7000e+01	4.6200e+02	-1.0239e+00	2.3620e+00	0.0000e+00	0.0000e+00
6.6000e+01	4.6200e+02	-3.4168e-01	8.6390e+00	0.0000e+00	0.0000e+00
8.5000e+01	4.6200e+02	1.4130e+00	7.4258e+00	1.0000e+00	0.0000e+00
1.0400e+02	4.6200e+02	-7.8097e-01	2.7718e+00	0.0000e+00	0.0000e+00
1.2300e+02	4.6200e+02	-1.3556e+00	2.7881e+00	0.0000e+00	0.0000e+00
1.4200e+02	4.6200e+02	4.3134e+00	1.1033e+01	1.0000e+00	0.0000e+00
1.6100e+02	4.6200e+02	-2.1093e+00	6.2477e+00	0.0000e+00	0.0000e+00
1.8000e+02	4.6200e+02	6.2375e+00	1.0554e+01	1.0000e+00	0.0000e+00
1.9900e+02	4.6200e+02	4.9948e+00	1.0959e+01	1.0000e+00	0.0000e+00
2.1800e+02	4.6200e+02	2.5816e+00	8.1012e+00	1.0000e+00	0.0000e+00
2.3700e+02	4.6200e+02	1.0190e+00	5.7497e+00	1.0000e+00	0.0000e+00
2.5600e+02	4.6200e+02	-1.1929e+01	9.8122e+00	0.0000e+00	0.0000e+00
2.7500e+02	4.6200e+02	-3.7704e+00	3.1663e+00	1.0000e+00	0.0000e+00
2.9400e+02	4.6200e+02	-9.1183e+00	5.8238e-01	1.0000e+00	0.0000e+00
3.1300e+02	4.6200e+02	-1.1186e+01	3.8159e-01	1.0000e+00	0.0000e+00
3.3200e+02	4.6200e+02	-1.2415e+01	3.8671e-01	1.0000e+00	0.0000e+00
3.5100e+02	4.6200e+02	-1.9244e+01	-3.8992e+01	0.0000e+00	0.0000e+00
3.7000e+02	4.6200e+02	-1.5182e+01	6.8082e-01	1.0000e+00	0.0000e+00
3.8900e+02	4.6200e+02	-1.4802e+01	2.0585e+01	0.0000e+00	0.0000e+00
4.0800e+02	4.6200e+02	-1.3716e+01	2.0129e+00	1.0000e+00	0.0000e+00
4.2700e+02	4.6200e+02	9.0638e+00	3.9584e+00	0.0000e+00	0.0000e+00
4.4600e+02	4.6200e+02	1.0891e-01	3.7578e+00	0.0000e+00	0.0000e+00
4.6500e+02	4.6200e+02	-1.8305e+00	3.1159e+00	0.0000e+00	0.0000e+00
4.8400e+02	4.6200e+02	-7.3056e+00	3.7231e+00	1.0000e+00	0.0000e+00
