# x	y	u	v	flags	mask
2.5901e-01	4.8073e+00	1.5924e-02	2.0320e-01	0.0000e+00	0.0000e+00
4.7659e-01	4.8073e+00	5.6668e-02	-5.9145e-02	0.0000e+00	0.0000e+00
6.9416e-01	4.8073e+00	6.7110e-02	-5.5685e-03	0.0000e+00	0.0000e+00
9.1173e-01	4.8073e+00	-2.5824e-02	2.5872e-02	0.0000e+00	0.0000e+00
1.1293e+00	4.8073e+00	-5.2798e-02	3.5463e-02	0.0000e+00	0.0000e+00
1.3469e+00	4.8073e+00	-1.0175e-01	-1.1586e-01	0.0000e+00	0.0000e+00
1.5644e+00	4.8073e+00	-5.9461e-02	-6.0441e-02	0.0000e+00	0.0000e+00
1.7820e+00	4.8073e+00	7.5390e-03	1.8425e-02	0.0000e+00	0.0000e+00
1.9996e+00	4.8073e+00	-2.6108e-01	2.5405e-01	0.0000e+00	0.0000e+00
2.2172e+00	4.8073e+00	5.7601e-02	2.1523e-02	0.0000e+00	0.0000e+00
2.4347e+00	4.8073e+00	7.0177e-02	-1.1100e-01	0.0000e+00	0.0000e+00
2.6523e+00	4.8073e+00	-2.9237e-01	-1.8972e-02	0.0000e+00	0.0000e+00
2.8699e+00	4.8073e+00	-8.5700e-03	1.5858e-02	0.0000e+00	0.0000e+00
3.0874e+00	4.8073e+00	-5.2819e-02	-5.6960e-02	0.0000e+00	0.0000e+00
3.3050e+00	4.8073e+00	1.9474e-02	1.2441e-04	0.0000e+00	0.0000e+00
3.5226e+00	4.8073e+00	3.8929e-02	2.9380e-03	0.0000e+00	0.0000e+00
3.7402e+00	4.8073e+00	-2.3612e-01	-1.5758e-01	0.0000e+00	0.0000e+00
3.9577e+00	4.8073e+00	2.8852e-01	-1.3759e-01	0.0000e+00	0.0000e+00
4.1753e+00	4.8073e+00	4.9605e-03	6.1998e-03	0.0000e+00	0.0000e+00
4.3929e+00	4.8073e+00	5.2934e-03	3.5002e-03	0.0000e+00	0.0000e+00
4.6104e+00	4.8073e+00	-8.6275e-02	-4.4405e-02	0.0000e+00	0.0000e+00
4.8280e+00	4.8073e+00	-6.3700e-02	-8.8829e-02	0.0000e+00	0.0000e+00
5.0456e+00	4.8073e+00	-7.1124e-03	2.2261e-02	0.0000e+00	0.0000e+00
2.5901e-01	4.5897e+00	4.6705e-02	-6.2318e-02	0.0000e+00	0.0000e+00
4.7659e-01	4.5897e+00	-8.8634e-02	-1.4795e-01	0.0000e+00	0.0000e+00
6.9416e-01	4.5897e+00	7.0097e-02	2.8449e-02	0.0000e+00	0.0000e+00
9.1173e-01	4.5897e+00	-1.8372e-01	-2.3734e-01	0.0000e+00	0.0000e+00
1.1293e+00	4.5897e+00	-1.1737e-01	-3.0126e-01	0.0000e+00	0.0000e+00
1.3469e+00	4.5897e+00	2.9466e-01	-7.7008e-02	0.0000e+00	0.0000e+00
1.5644e+00	4.5897e+00	-2.2301e-01	-5.6143e-02	0.0000e+00	0.0000e+00
1.7820e+00	4.5897e+00	-1.8323e-01	-1.2616e-02	0.0000e+00	0.0000e+00
1.9996e+00	4.5897e+00	-1.7848e-01	-9.9583e-02	0.0000e+00	0.0000e+00
2.2172e+00	4.5897e+00	5.6764e-02	7.4617e-02	0.0000e+00	0.0000e+00
2.4347e+00	4.5897e+00	-5.0648e-02	5.1616e-03	1.0000e+00	0.0000e+00
2.6523e+00	4.5897e+00	-2.3409e-01	-1.6408e-01	0.0000e+00	0.0000e+00
2.8699e+00	4.5897e+00	-2.3063e-02	9.2144e-03	0.0000e+00	0.0000e+00
3.0874e+00	4.5897e+00	-4.2120e-02	5.0998e-03	0.0000e+00	0.0000e+00
3.3050e+00	4.5897e+00	-2.2145e-01	1.1755e-01	0.0000e+00	0.0000e+00
3.5226e+00	4.5897e+00	6.7159e-02	-2.4492e-01	0.0000e+00	0.0000e+00
3.7402e+00	4.5897e+00	1.9060e-01	-2.6466e-01	0.0000e+00	0.0000e+00
3.9577e+00	4.5897e+00	-2.3376e-01	-4.1798e-02	0.0000e+00	0.0000e+00
4.1753e+00	4.5897e+00	-2.0291e-03	1.9075e-02	0.0000e+00	0.0000e+00
4.3929e+00	4.5897e+00	-3.8353e-02	1.1725e-02	0.0000e+00	0.0000e+00
4.6104e+00	4.5897e+00	-7.6571e-03	2.0151e-02	0.0000e+00	0.0000e+00
4.8280e+00	4.5897e+00	-1.5018e-02	2.0169e-02	0.0000e+00	0.0000e+00
5.0456e+00	4.5897e+00	-5.8971e-03	4.3718e-02	0.0000e+00	0.0000e+00
2.5901e-01	4.3722e+00	-1.6719e-02	2.0381e-02	0.0000e+00	0.0000e+00
4.7659e-01	4.3722e+00	-1.9824e-02	1.1633e-02	0.0000e+00	0.0000e+00
6.9416e-01	4.3722e+00	6.2903e-02	-7.6592e-02	0.0000e+00	0.0000e+00
9.1173e-01	4.3722e+00	-3.4794e-01	-6.2701e-02	0.0000e+00	0.0000e+00
1.1293e+00	4.3722e+00	-3.2757e-01	-7.6944e-02	0.0000e+00	0.0000e+00
1.3469e+00	4.3722e+00	-2.2749e-01	-7.5784e-02	0.0000e+00	0.0000e+00
1.5644e+00	4.3722e+00	-2.2037e-01	-6.3125e-02	0.0000e+00	0.0000e+00
1.7820e+00	4.3722e+00	-1.0153e-01	-1.3169e-01	0.0000e+00	0.0000e+00
1.9996e+00	4.3722e+00	4.0119e-03	2.0066e-02	0.0000e+00	0.0000e+00
2.2172e+00	4.3722e+00	1.8689e-02	2.4640e-02	0.0000e+00	0.0000e+00
2.4347e+00	4.3722e+00	6.5036e-02	1.7107e-01	0.0000e+00	0.0000e+00
2.6523e+00	4.3722e+00	-2.1144e-01	-1.5136e-01	0.0000e+00	0.0000e+00
2.8699e+00	4.3722e+00	8.9045e-04	2.2977e-02	0.0000e+00	0.0000e+00
3.0874e+00	4.3722e+00	-5.6258e-03	2.2996e-02	0.0000e+00	0.0000e+00
3.3050e+00	4.3722e+00	-6.4019e-02	-5.3756e-02	0.0000e+00	0.0000e+00
3.5226e+00	4.3722e+00	-8.1311e-02	-4.8985e-02	0.0000e+00	0.0000e+00
3.7402e+00	4.3722e+00	5.2537e-03	-6.1128e-02	0.0000e+00	0.0000e+00
3.9577e+00	4.3722e+00	-6.7820e-02	-1.8247e-01	0.0000e+00	0.0000e+00
4.1753e+00	4.3722e+00	1.9040e-04	9.6830e-02	0.0000e+00	0.0000e+00
4.3929e+00	4.3722e+00	-1.2236e-01	-2.4856e-01	0.0000e+00	0.0000e+00
4.6104e+00	4.3722e+00	-8.7577e-03	2.2328e-02	0.0000e+00	0.0000e+00
4.8280e+00	4.3722e+00	-1.3283e-02	2.3709e-02	0.0000e+00	0.0000e+00
5.0456e+00	4.3722e+00	-2.7271e-01	-2.4313e-02	0.0000e+00	0.0000e+00
2.5901e-01	4.1546e+00	-1.8301e-02	1.3512e-02	0.0000e+00	0.0000e+00
4.7659e-01	4.1546e+00	-1.6601e-02	1.6147e-03	0.0000e+00	0.0000e+00
6.9416e-01	4.1546e+00	8.6026e-03	-6.5369e-02	0.0000e+00	0.0000e+00
9.1173e-01	4.1546e+00	-1.7637e-02	1.3888e-03	0.0000e+00	0.0000e+00
1.1293e+00	4.1546e+00	-7.2373e-02	-5.7631e-02	1.0000e+00	0.0000e+00
1.3469e+00	4.1546e+00	-2.8370e-01	-5.3144e-02	0.0000e+00	0.0000e+00
1.5644e+00	4.1546e+00	-1.0400e-01	-4.8621e-02	1.0000e+00	0.0000e+00
1.7820e+00	4.1546e+00	-2.0498e-01	-5.7655e-02	0.0000e+00	0.0000e+00
1.9996e+00	4.1546e+00	1.0847e-03	1.8558e-02	0.0000e+00	0.0000e+00
2.2172e+00	4.1546e+00	1.4056e-02	3.1047e-02	0.0000e+00	0.0000e+00
2.4347e+00	4.1546e+00	5.7911e-02	8.8516e-02	0.0000e+00	0.0000e+00
2.6523e+00	4.1546e+00	6.3244e-02	1.0591e-01	0.0000e+00	0.0000e+00
2.8699e+00	4.1546e+00	-1.3451e-02	1.7150e-02	0.0000e+00	0.0000e+00
3.0874e+00	4.1546e+00	-4.4413e-02	1.6407e-02	0.0000e+00	0.0000e+00
3.3050e+00	4.1546e+00	2.6754e-01	-6.6583e-02	0.0000e+00	0.0000e+00
3.5226e+00	4.1546e+00	3.2853e-02	-7.7584e-02	0.0000e+00	0.0000e+00
3.7402e+00	4.1546e+00	-1.9437e-02	7.7346e-02	0.0000e+00	0.0000e+00
3.9577e+00	4.1546e+00	-6.2314e-02	1.1191e-01	0.0000e+00	0.0000e+00
4.1753e+00	4.1546e+00	-1.3244e-01	-5.5739e-02	0.0000e+00	0.0000e+00
4.3929e+00	4.1546e+00	-8.4811e-02	-1.0666e-01	0.0000e+00	0.0000e+00
4.6104e+00	4.1546e+00	-4.2529e-02	-1.2123e-02	0.0000e+00	0.0000e+00
4.8280e+00	4.1546e+00	-5.9362e-02	-3.9433e-02	0.0000e+00	0.0000e+00
5.0456e+00	4.1546e+00	1.5702e-02	-5.9174e-02	0.0000e+00	0.0000e+00
2.5901e-01	3.9370e+00	6.6958e-02	-5.3469e-02	0.0000e+00	0.0000e+00
4.7659e-01	3.9370e+00	6.8586e-02	-1.2280e-01	0.0000e+00	0.0000e+00
6.9416e-01	3.9370e+00	-2.2480e-02	-4.3350e-02	0.0000e+00	0.0000e+00
9.1173e-01	3.9370e+00	-3.7276e-02	-2.9485e-02	0.0000e+00	0.0000e+00
1.1293e+00	3.9370e+00	3.1512e-01	2.7545e-01	0.0000e+00	0.0000e+00
1.3469e+00	3.9370e+00	-2.7338e-01	-6.9791e-02	0.0000e+00	0.0000e+00
1.5644e+00	3.9370e+00	-3.4169e-01	-5.7304e-02	0.0000e+00	0.0000e+00
1.7820e+00	3.9370e+00	-1.8156e-01	-5.4318e-02	0.0000e+00	0.0000e+00
1.9996e+00	3.9370e+00	-6.9203e-02	-7.0530e-02	0.0000e+00	0.0000e+00
2.2172e+00	3.9370e+00	-1.0092e-01	-1.1377e-01	0.0000e+00	0.0000e+00
2.4347e+00	3.9370e+00	5.6926e-02	3.2823e-01	0.0000e+00	0.0000e+00
2.6523e+00	3.9370e+00	9.8598e-02	-5.7257e-02	0.0000e+00	0.0000e+00
2.8699e+00	3.9370e+00	-2.6552e-02	1.3367e-02	0.0000e+00	0.0000e+00
3.0874e+00	3.9370e+00	-5.9061e-02	-4.4398e-03	0.0000e+00	0.0000e+00
3.3050e+00	3.9370e+00	-1.1185e-01	-5.3208e-02	0.0000e+00	0.0000e+00
3.5226e+00	3.9370e+00	-5.6575e-02	-1.2777e-01	0.0000e+00	0.0000e+00
3.7402e+00	3.9370e+00	-5.8479e-02	-1.1829e-01	0.0000e+00	0.0000e+00
3.9577e+00	3.9370e+00	-6.9731e-02	-1.0065e-01	0.0000e+00	0.0000e+00
4.1753e+00	3.9370e+00	-6.3720e-02	-9.1754e-02	0.0000e+00	0.0000e+00
4.3929e+00	3.9370e+00	-6.3064e-02	-1.8167e-01	0.0000e+00	0.0000e+00
4.6104e+00	3.9370e+00	-6.6826e-02	-1.8147e-01	0.0000e+00	0.0000e+00
4.8280e+00	3.9370e+00	-6.0345e-02	-1.4432e-01	0.0000e+00	0.0000e+00
5.0456e+00	3.9370e+00	-6.9321e-03	1.9960e-02	0.0000e+00	0.0000e+00
2.5901e-01	3.7194e+00	5.4712e-02	-5.5863e-02	0.0000e+00	0.0000e+00
4.7659e-01	3.7194e+00	6.6768e-02	-7.8574e-02	0.0000e+00	0.0000e+00
6.9416e-01	3.7194e+00	1.0523e-01	6.6710e-03	0.0000e+00	0.0000e+00
9.1173e-01	3.7194e+00	-1.2165e-01	-2.6093e-01	0.0000e+00	0.0000e+00
1.1293e+00	3.7194e+00	-2.6389e-01	-6.3388e-02	0.0000e+00	0.0000e+00
1.3469e+00	3.7194e+00	-2.9157e-01	-6.2190e-02	0.0000e+00	0.0000e+00
1.5644e+00	3.7194e+00	-1.0044e-01	-6.7950e-02	1.0000e+00	0.0000e+00
1.7820e+00	3.7194e+00	2.8040e-01	1.4349e-02	0.0000e+00	0.0000e+00
1.9996e+00	3.7194e+00	-3.2842e-01	-5.8179e-02	0.0000e+00	0.0000e+00
2.2172e+00	3.7194e+00	-5.9697e-02	-6.9989e-02	0.0000e+00	0.0000e+00
2.4347e+00	3.7194e+00	5.5879e-02	3.7067e-02	0.0000e+00	0.0000e+00
2.6523e+00	3.7194e+00	1.3852e-01	1.9039e-02	0.0000e+00	0.0000e+00
2.8699e+00	3.7194e+00	-2.1585e-01	-1.9436e-01	0.0000e+00	0.0000e+00
3.0874e+00	3.7194e+00	-8.2902e-02	-4.2090e-02	0.0000e+00	0.0000e+00
3.3050e+00	3.7194e+00	-6.4078e-02	1.0599e-02	0.0000e+00	0.0000e+00
3.5226e+00	3.7194e+00	-2.6764e-03	2.4173e-02	0.0000e+00	0.0000e+00
3.7402e+00	3.7194e+00	-6.4437e-02	2.9436e-02	0.0000e+00	0.0000e+00
3.9577e+00	3.7194e+00	-2.4812e-02	-6.4679e-02	0.0000e+00	0.0000e+00
4.1753e+00	3.7194e+00	-1.1674e-02	-1.7649e-02	0.0000e+00	0.0000e+00
4.3929e+00	3.7194e+00	4.9313e-02	-9.7477e-03	0.0000e+00	0.0000e+00
4.6104e+00	3.7194e+00	-3.4962e-03	-5.3736e-03	0.0000e+00	0.0000e+00
4.8280e+00	3.7194e+00	-6.0254e-02	-5.7141e-02	0.0000e+00	0.0000e+00
5.0456e+00	3.7194e+00	-5.6034e-02	6.4343e-02	0.0000e+00	0.0000e+00
2.5901e-01	3.5019e+00	1.2940e-03	1.2423e-02	0.0000e+00	0.0000e+00
4.7659e-01	3.5019e+00	5.6529e-02	2.4227e-02	0.0000e+00	0.0000e+00
6.9416e-01	3.5019e+00	5.8486e-02	-2.5496e-01	0.0000e+00	0.0000e+00
9.1173e-01	3.5019e+00	-4.0174e-02	-4.7034e-02	1.0000e+00	0.0000e+00
1.1293e+00	3.5019e+00	-1.5999e-01	-2.5318e-01	0.0000e+00	0.0000e+00
1.3469e+00	3.5019e+00	-7.5772e-02	-6.5770e-02	1.0000e+00	0.0000e+00
1.5644e+00	3.5019e+00	1.2682e-01	1.6409e-02	0.0000e+00	0.0000e+00
1.7820e+00	3.5019e+00	-2.9894e-01	9.0964e-02	0.0000e+00	0.0000e+00
1.9996e+00	3.5019e+00	-1.6270e-01	-3.1206e-01	0.0000e+00	0.0000e+00
2.2172e+00	3.5019e+00	-6.7893e-02	-6.0598e-02	0.0000e+00	0.0000e+00
2.4347e+00	3.5019e+00	-3.1221e-01	3.6708e-01	0.0000e+00	0.0000e+00
2.6523e+00	3.5019e+00	6.0775e-02	8.6398e-02	0.0000e+00	0.0000e+00
2.8699e+00	3.5019e+00	-2.0888e-01	-1.8222e-01	0.0000e+00	0.0000e+00
3.0874e+00	3.5019e+00	-2.0233e-01	2.7555e-01	0.0000e+00	0.0000e+00
3.3050e+00	3.5019e+00	-7.0547e-02	-7.5396e-02	0.0000e+00	0.0000e+00
3.5226e+00	3.5019e+00	6.1022e-03	2.6722e-02	0.0000e+00	0.0000e+00
3.7402e+00	3.5019e+00	1.3006e-02	2.0237e-02	0.0000e+00	0.0000e+00
3.9577e+00	3.5019e+00	-1.3697e-02	1.2461e-02	0.0000e+00	0.0000e+00
4.1753e+00	3.5019e+00	-1.1631e-02	6.4611e-03	0.0000e+00	0.0000e+00
4.3929e+00	3.5019e+00	4.3478e-02	8.1568e-03	0.0000e+00	0.0000e+00
4.6104e+00	3.5019e+00	-6.8098e-03	2.6347e-02	0.0000e+00	0.0000e+00
4.8280e+00	3.5019e+00	-5.8282e-02	3.3759e-02	0.0000e+00	0.0000e+00
5.0456e+00	3.5019e+00	-6.8121e-02	-5.1633e-02	0.0000e+00	0.0000e+00
2.5901e-01	3.2843e+00	6.3747e-02	-7.7506e-02	0.0000e+00	0.0000e+00
4.7659e-01	3.2843e+00	-1.1732e-02	2.1425e-02	0.0000e+00	0.0000e+00
6.9416e-01	3.2843e+00	-4.6551e-02	2.6434e-02	0.0000e+00	0.0000e+00
9.1173e-01	3.2843e+00	-2.4938e-02	-4.2143e-02	1.0000e+00	0.0000e+00
1.1293e+00	3.2843e+00	-1.7032e-02	-1.1351e-01	0.0000e+00	0.0000e+00
1.3469e+00	3.2843e+00	2.4718e-01	-6.4273e-02	0.0000e+00	0.0000e+00
1.5644e+00	3.2843e+00	3.2591e-01	-3.4920e-01	0.0000e+00	0.0000e+00
1.7820e+00	3.2843e+00	-3.1599e-01	-2.8357e-01	0.0000e+00	0.0000e+00
1.9996e+00	3.2843e+00	-2.7520e-03	2.7803e-02	0.0000e+00	0.0000e+00
2.2172e+00	3.2843e+00	-7.4593e-03	2.7597e-02	0.0000e+00	0.0000e+00
2.4347e+00	3.2843e+00	-9.2186e-02	-5.2057e-02	0.0000e+00	0.0000e+00
2.6523e+00	3.2843e+00	5.5241e-02	6.3589e-02	0.0000e+00	0.0000e+00
2.8699e+00	3.2843e+00	2.4103e-01	-2.4350e-02	0.0000e+00	0.0000e+00
3.0874e+00	3.2843e+00	-4.0564e-02	1.4382e-02	1.0000e+00	0.0000e+00
3.3050e+00	3.2843e+00	-5.9499e-02	2.4022e-01	0.0000e+00	0.0000e+00
3.5226e+00	3.2843e+00	-4.3178e-02	-2.4382e-02	1.0000e+00	0.0000e+00
3.7402e+00	3.2843e+00	5.1287e-02	-5.0177e-02	0.0000e+00	0.0000e+00
3.9577e+00	3.2843e+00	-7.2680e-02	1.9512e-02	0.0000e+00	0.0000e+00
4.1753e+00	3.2843e+00	1.7272e-01	-6.7566e-02	0.0000e+00	0.0000e+00
4.3929e+00	3.2843e+00	3.8455e-04	-3.8195e-02	0.0000e+00	0.0000e+00
4.6104e+00	3.2843e+00	-1.6007e-01	-1.6797e-01	0.0000e+00	0.0000e+00
4.8280e+00	3.2843e+00	-5.0043e-02	-8.0409e-02	0.0000e+00	0.0000e+00
5.0456e+00	3.2843e+00	-6.4188e-02	-6.0832e-02	0.0000e+00	0.0000e+00
2.5901e-01	3.0667e+00	5.9043e-02	1.1933e-01	0.0000e+00	0.0000e+00
4.7659e-01	3.0667e+00	-5.1137e-03	4.1684e-02	0.0000e+00	0.0000e+00
6.9416e-01	3.0667e+00	-5.0893e-02	4.5076e-02	0.0000e+00	0.0000e+00
9.1173e-01	3.0667e+00	-3.5865e-01	-7.0294e-02	0.0000e+00	0.0000e+00
1.1293e+00	3.0667e+00	7.7527e-02	-1.4688e-01	0.0000e+00	0.0000e+00
1.3469e+00	3.0667e+00	-8.5356e-02	-7.4157e-02	0.0000e+00	0.0000e+00
1.5644e+00	3.0667e+00	-3.0916e-01	-1.4880e-01	0.0000e+00	0.0000e+00
1.7820e+00	3.0667e+00	-3.2353e-01	-3.2790e-01	0.0000e+00	0.0000e+00
1.9996e+00	3.0667e+00	3.9207e-04	4.2119e-02	0.0000e+00	0.0000e+00
2.2172e+00	3.0667e+00	-5.5701e-03	4.4762e-02	0.0000e+00	0.0000e+00
2.4347e+00	3.0667e+00	-6.2692e-02	-1.8154e-01	0.0000e+00	0.0000e+00
2.6523e+00	3.0667e+00	5.6201e-02	6.7828e-02	0.0000e+00	0.0000e+00
2.8699e+00	3.0667e+00	1.8900e-01	-5.7932e-03	0.0000e+00	0.0000e+00
3.0874e+00	3.0667e+00	-5.7462e-02	1.0324e-02	1.0000e+00	0.0000e+00
3.3050e+00	3.0667e+00	-1.8861e-01	2.9149e-01	0.0000e+00	0.0000e+00
3.5226e+00	3.0667e+00	1.7591e-01	-2.0340e-01	0.0000e+00	0.0000e+00
3.7402e+00	3.0667e+00	1.8326e-01	-1.8790e-01	0.0000e+00	0.0000e+00
3.9577e+00	3.0667e+00	-5.5801e-02	-1.4441e-01	0.0000e+00	0.0000e+00
4.1753e+00	3.0667e+00	-1.5357e-02	6.8539e-03	0.0000e+00	0.0000e+00
4.3929e+00	3.0667e+00	-4.6581e-02	-4.8987e-02	1.0000e+00	0.0000e+00
4.6104e+00	3.0667e+00	-2.0632e-02	1.8407e-02	0.0000e+00	0.0000e+00
4.8280e+00	3.0667e+00	-1.4337e-01	3.5575e-02	0.0000e+00	0.0000e+00
5.0456e+00	3.0667e+00	-5.8533e-02	-2.6033e-01	0.0000e+00	0.0000e+00
2.5901e-01	2.8492e+00	2.6470e-02	1.4901e-01	0.0000e+00	0.0000e+00
4.7659e-01	2.8492e+00	-1.7133e-01	1.1360e-01	0.0000e+00	0.0000e+00
6.9416e-01	2.8492e+00	1.3379e-02	1.1076e-01	0.0000e+00	0.0000e+00
9.1173e-01	2.8492e+00	2.8471e-02	3.0191e-01	0.0000e+00	0.0000e+00
1.1293e+00	2.8492e+00	9.5614e-02	-1.9276e-01	0.0000e+00	0.0000e+00
1.3469e+00	2.8492e+00	-1.5698e-01	-2.2149e-01	0.0000e+00	0.0000e+00
1.5644e+00	2.8492e+00	-3.5684e-01	-2.7357e-01	0.0000e+00	0.0000e+00
1.7820e+00	2.8492e+00	-2.1438e-01	-1.1904e-01	0.0000e+00	0.0000e+00
1.9996e+00	2.8492e+00	3.1730e-01	2.8005e-01	0.0000e+00	0.0000e+00
2.2172e+00	2.8492e+00	-1.3063e-01	-2.2325e-01	0.0000e+00	0.0000e+00
2.4347e+00	2.8492e+00	-6.4931e-02	-5.6510e-02	0.0000e+00	0.0000e+00
2.6523e+00	2.8492e+00	-5.1815e-02	4.4147e-02	1.0000e+00	0.0000e+00
2.8699e+00	2.8492e+00	1.3581e-01	2.1171e-01	0.0000e+00	0.0000e+00
3.0874e+00	2.8492e+00	-3.5844e-02	1.6256e-02	0.0000e+00	0.0000e+00
3.3050e+00	2.8492e+00	-3.2764e-02	1.8018e-02	0.0000e+00	0.0000e+00
3.5226e+00	2.8492e+00	-2.2765e-01	8.0450e-02	0.0000e+00	0.0000e+00
3.7402e+00	2.8492e+00	-3.5376e-01	-1.2427e-01	0.0000e+00	0.0000e+00
3.9577e+00	2.8492e+00	-3.9388e-02	-1.6650e-01	0.0000e+00	0.0000e+00
4.1753e+00	2.8492e+00	-6.8130e-02	-2.5366e-01	0.0000e+00	0.0000e+00
4.3929e+00	2.8492e+00	-6.6721e-02	1.1638e-01	0.0000e+00	0.0000e+00
4.6104e+00	2.8492e+00	-4.2123e-02	4.4936e-02	0.0000e+00	0.0000e+00
4.8280e+00	2.8492e+00	-8.7038e-02	-1.8588e-01	0.0000e+00	0.0000e+00
5.0456e+00	2.8492e+00	-1.0649e-01	2.0908e-02	0.0000e+00	0.0000e+00
2.5901e-01	2.6316e+00	3.9180e-02	1.1285e-01	0.0000e+00	0.0000e+00
4.7659e-01	2.6316e+00	-1.3476e-02	1.5341e-02	0.0000e+00	0.0000e+00
6.9416e-01	2.6316e+00	8.2198e-02	-2.9022e-01	0.0000e+00	0.0000e+00
9.1173e-01	2.6316e+00	1.9191e-01	1.8908e-01	0.0000e+00	0.0000e+00
1.1293e+00	2.6316e+00	6.7988e-04	1.3034e-02	0.0000e+00	0.0000e+00
1.3469e+00	2.6316e+00	-1.2295e-02	2.3076e-02	0.0000e+00	0.0000e+00
1.5644e+00	2.6316e+00	-4.6057e-02	-2.7333e-02	1.0000e+00	0.0000e+00
1.7820e+00	2.6316e+00	-2.6023e-01	-7.2846e-02	0.0000e+00	0.0000e+00
1.9996e+00	2.6316e+00	-2.9084e-01	2.7526e-01	0.0000e+00	0.0000e+00
2.2172e+00	2.6316e+00	-1.9769e-02	2.5455e-02	0.0000e+00	0.0000e+00
2.4347e+00	2.6316e+00	-5.6986e-02	2.3157e-02	0.0000e+00	0.0000e+00
2.6523e+00	2.6316e+00	-3.8852e-02	4.6739e-02	1.0000e+00	0.0000e+00
2.8699e+00	2.6316e+00	7.0916e-02	7.1226e-02	0.0000e+00	0.0000e+00
3.0874e+00	2.6316e+00	-1.3887e-01	2.0109e-01	0.0000e+00	0.0000e+00
3.3050e+00	2.6316e+00	-2.7169e-01	-1.7823e-02	0.0000e+00	0.0000e+00
3.5226e+00	2.6316e+00	1.5020e-01	-2.2061e-02	0.0000e+00	0.0000e+00
3.7402e+00	2.6316e+00	-3.7714e-01	-1.3407e-01	0.0000e+00	0.0000e+00
3.9577e+00	2.6316e+00	-3.5582e-02	-3.0629e-01	0.0000e+00	0.0000e+00
4.1753e+00	2.6316e+00	2.9252e-02	1.4232e-02	0.0000e+00	0.0000e+00
4.3929e+00	2.6316e+00	-9.9304e-03	4.2954e-03	0.0000e+00	0.0000e+00
4.6104e+00	2.6316e+00	-5.5246e-02	-2.4574e-01	0.0000e+00	0.0000e+00
4.8280e+00	2.6316e+00	1.1355e-02	1.6843e-02	0.0000e+00	0.0000e+00
5.0456e+00	2.6316e+00	-5.0758e-03	2.0061e-02	0.0000e+00	0.0000e+00
2.5901e-01	2.4140e+00	6.4969e-02	5.9065e-02	0.0000e+00	0.0000e+00
4.7659e-01	2.4140e+00	-1.2461e-02	1.9554e-02	0.0000e+00	0.0000e+00
6.9416e-01	2.4140e+00	5.9179e-02	-7.0916e-03	0.0000e+00	0.0000e+00
9.1173e-01	2.4140e+00	2.0386e-01	1.6468e-01	0.0000e+00	0.0000e+00
1.1293e+00	2.4140e+00	-1.9869e-02	3.4244e-02	0.0000e+00	0.0000e+00
1.3469e+00	2.4140e+00	-1.2105e-01	3.0301e-01	0.0000e+00	0.0000e+00
1.5644e+00	2.4140e+00	-1.8391e-01	-2.8233e-01	0.0000e+00	0.0000e+00
1.7820e+00	2.4140e+00	-1.2257e-01	-3.0734e-01	0.0000e+00	0.0000e+00
1.9996e+00	2.4140e+00	-7.0754e-02	-1.0672e-02	1.0000e+00	0.0000e+00
2.2172e+00	2.4140e+00	-1.7119e-01	3.2397e-01	0.0000e+00	0.0000e+00
2.4347e+00	2.4140e+00	-2.9496e-01	1.5585e-01	0.0000e+00	0.0000e+00
2.6523e+00	2.4140e+00	-4.8423e-02	3.8654e-02	1.0000e+00	0.0000e+00
2.8699e+00	2.4140e+00	-5.4871e-02	2.7998e-02	1.0000e+00	0.0000e+00
3.0874e+00	2.4140e+00	-6.8114e-02	1.3364e-02	1.0000e+00	0.0000e+00
3.3050e+00	2.4140e+00	-2.6375e-01	6.4804e-02	0.0000e+00	0.0000e+00
3.5226e+00	2.4140e+00	-1.0127e-01	-1.8247e-01	0.0000e+00	0.0000e+00
3.7402e+00	2.4140e+00	-1.5813e-01	-3.3542e-01	0.0000e+00	0.0000e+00
3.9577e+00	2.4140e+00	-7.4436e-02	3.0390e-01	0.0000e+00	0.0000e+00
4.1753e+00	2.4140e+00	-2.0735e-01	-2.7978e-01	0.0000e+00	0.0000e+00
4.3929e+00	2.4140e+00	-4.6403e-02	3.6723e-02	0.0000e+00	0.0000e+00
4.6104e+00	2.4140e+00	-4.3155e-02	-3.1652e-03	1.0000e+00	0.0000e+00
4.8280e+00	2.4140e+00	1.2882e-02	4.2504e-02	0.0000e+00	0.0000e+00
5.0456e+00	2.4140e+00	-6.7879e-03	4.5601e-02	0.0000e+00	0.0000e+00
2.5901e-01	2.1964e+00	3.7379e-02	-1.9771e-01	0.0000e+00	0.0000e+00
4.7659e-01	2.1964e+00	1.8987e-01	3.6539e-01	0.0000e+00	0.0000e+00
6.9416e-01	2.1964e+00	6.5460e-02	-1.2342e-02	0.0000e+00	0.0000e+00
9.1173e-01	2.1964e+00	2.7400e-01	9.7597e-02	0.0000e+00	0.0000e+00
1.1293e+00	2.1964e+00	1.1734e-02	4.3537e-02	1.0000e+00	0.0000e+00
1.3469e+00	2.1964e+00	4.3207e-02	2.6657e-01	0.0000e+00	0.0000e+00
1.5644e+00	2.1964e+00	-2.1190e-02	2.2300e-02	1.0000e+00	0.0000e+00
1.7820e+00	2.1964e+00	-4.7760e-02	6.1257e-03	1.0000e+00	0.0000e+00
1.9996e+00	2.1964e+00	-6.9783e-02	-7.2340e-02	0.0000e+00	0.0000e+00
2.2172e+00	2.1964e+00	-1.9011e-02	2.9072e-02	0.0000e+00	0.0000e+00
2.4347e+00	2.1964e+00	-1.6692e-02	3.0818e-02	0.0000e+00	0.0000e+00
2.6523e+00	2.1964e+00	3.2431e-01	4.6228e-02	0.0000e+00	0.0000e+00
2.8699e+00	2.1964e+00	-2.7087e-01	2.2256e-01	0.0000e+00	0.0000e+00
3.0874e+00	2.1964e+00	6.0116e-02	-1.8980e-01	0.0000e+00	0.0000e+00
3.3050e+00	2.1964e+00	-3.2117e-02	-9.8261e-02	0.0000e+00	0.0000e+00
3.5226e+00	2.1964e+00	-1.7932e-01	5.8379e-02	0.0000e+00	0.0000e+00
3.7402e+00	2.1964e+00	-2.4022e-01	1.0360e-01	0.0000e+00	0.0000e+00
3.9577e+00	2.1964e+00	-1.4747e-01	-1.0453e-01	0.0000e+00	0.0000e+00
4.1753e+00	2.1964e+00	-6.8065e-02	-3.4578e-01	0.0000e+00	0.0000e+00
4.3929e+00	2.1964e+00	-2.1809e-02	1.1179e-01	0.0000e+00	0.0000e+00
4.6104e+00	2.1964e+00	-6.5569e-02	-7.0286e-02	0.0000e+00	0.0000e+00
4.8280e+00	2.1964e+00	-9.7147e-02	3.8017e-01	0.0000e+00	0.0000e+00
5.0456e+00	2.1964e+00	-4.2040e-02	2.5975e-02	1.0000e+00	0.0000e+00
2.5901e-01	1.9789e+00	3.7432e-03	-3.3759e-01	0.0000e+00	0.0000e+00
4.7659e-01	1.9789e+00	1.8236e-01	1.8866e-01	0.0000e+00	0.0000e+00
6.9416e-01	1.9789e+00	6.0077e-02	1.0370e-01	0.0000e+00	0.0000e+00
9.1173e-01	1.9789e+00	-1.0723e-01	5.6340e-02	0.0000e+00	0.0000e+00
1.1293e+00	1.9789e+00	2.0366e-01	-3.9920e-02	0.0000e+00	0.0000e+00
1.3469e+00	1.9789e+00	6.3792e-03	-4.0227e-02	0.0000e+00	0.0000e+00
1.5644e+00	1.9789e+00	2.3698e-02	-8.2366e-02	0.0000e+00	0.0000e+00
1.7820e+00	1.9789e+00	-2.4517e-01	-2.0459e-01	0.0000e+00	0.0000e+00
1.9996e+00	1.9789e+00	-1.0630e-01	-6.8660e-02	0.0000e+00	0.0000e+00
2.2172e+00	1.9789e+00	-5.5698e-02	-6.8112e-02	0.0000e+00	0.0000e+00
2.4347e+00	1.9789e+00	1.1488e-01	2.0240e-01	0.0000e+00	0.0000e+00
2.6523e+00	1.9789e+00	-7.1814e-02	2.9139e-02	1.0000e+00	0.0000e+00
2.8699e+00	1.9789e+00	-8.7900e-02	2.7489e-02	1.0000e+00	0.0000e+00
3.0874e+00	1.9789e+00	-1.7423e-01	-6.3658e-02	0.0000e+00	0.0000e+00
3.3050e+00	1.9789e+00	5.4885e-02	1.6724e-01	0.0000e+00	0.0000e+00
3.5226e+00	1.9789e+00	-1.6660e-01	8.9147e-02	0.0000e+00	0.0000e+00
3.7402e+00	1.9789e+00	-6.8740e-02	-3.0185e-01	0.0000e+00	0.0000e+00
3.9577e+00	1.9789e+00	-3.8358e-02	-3.4378e-02	0.0000e+00	0.0000e+00
4.1753e+00	1.9789e+00	1.9847e-01	1.4996e-03	0.0000e+00	0.0000e+00
4.3929e+00	1.9789e+00	-6.5719e-02	1.7098e-01	0.0000e+00	0.0000e+00
4.6104e+00	1.9789e+00	-8.0336e-02	-1.6461e-01	0.0000e+00	0.0000e+00
4.8280e+00	1.9789e+00	-1.5267e-02	-1.2682e-01	0.0000e+00	0.0000e+00
5.0456e+00	1.9789e+00	2.2092e-02	3.3127e-01	0.0000e+00	0.0000e+00
2.5901e-01	1.7613e+00	4.9169e-02	6.2124e-02	0.0000e+00	0.0000e+00
4.7659e-01	1.7613e+00	5.6454e-02	1.6500e-01	0.0000e+00	0.0000e+00
6.9416e-01	1.7613e+00	6.5244e-02	1.5864e-01	0.0000e+00	0.0000e+00
9.1173e-01	1.7613e+00	1.0843e-01	5.8633e-02	0.0000e+00	0.0000e+00
1.1293e+00	1.7613e+00	4.8878e-02	5.9641e-02	1.0000e+00	0.0000e+00
1.3469e+00	1.7613e+00	5.3920e-02	3.7236e-01	0.0000e+00	0.0000e+00
1.5644e+00	1.7613e+00	5.8562e-02	-1.2550e-01	0.0000e+00	0.0000e+00
1.7820e+00	1.7613e+00	-2.3244e-01	6.2789e-03	0.0000e+00	0.0000e+00
1.9996e+00	1.7613e+00	-6.2492e-02	-2.7374e-01	0.0000e+00	0.0000e+00
2.2172e+00	1.7613e+00	-5.8495e-02	-6.6631e-02	0.0000e+00	0.0000e+00
2.4347e+00	1.7613e+00	-6.1422e-02	-5.7589e-02	0.0000e+00	0.0000e+00
2.6523e+00	1.7613e+00	1.0612e-01	1.5654e-01	0.0000e+00	0.0000e+00
2.8699e+00	1.7613e+00	-8.9421e-02	2.8342e-02	1.0000e+00	0.0000e+00
3.0874e+00	1.7613e+00	-4.0669e-02	5.2766e-02	0.0000e+00	0.0000e+00
3.3050e+00	1.7613e+00	-1.6654e-01	6.0820e-02	0.0000e+00	0.0000e+00
3.5226e+00	1.7613e+00	-2.5374e-01	-1.7598e-01	0.0000e+00	0.0000e+00
3.7402e+00	1.7613e+00	-9.4520e-02	3.2812e-01	0.0000e+00	0.0000e+00
3.9577e+00	1.7613e+00	-5.7733e-02	1.1971e-02	0.0000e+00	0.0000e+00
4.1753e+00	1.7613e+00	-5.9460e-02	2.8823e-01	0.0000e+00	0.0000e+00
4.3929e+00	1.7613e+00	-1.0460e-01	3.2462e-01	0.0000e+00	0.0000e+00
4.6104e+00	1.7613e+00	2.6151e-01	3.5120e-01	0.0000e+00	0.0000e+00
4.8280e+00	1.7613e+00	-1.1077e-01	-2.8946e-01	0.0000e+00	0.0000e+00
5.0456e+00	1.7613e+00	-1.3964e-01	1.7221e-01	0.0000e+00	0.0000e+00
2.5901e-01	1.5437e+00	1.1181e-01	-9.1195e-02	0.0000e+00	0.0000e+00
4.7659e-01	1.5437e+00	5.9163e-02	8.6188e-02	0.0000e+00	0.0000e+00
6.9416e-01	1.5437e+00	2.9718e-01	1.1717e-01	0.0000e+00	0.0000e+00
9.1173e-01	1.5437e+00	1.6298e-01	1.6162e-01	0.0000e+00	0.0000e+00
1.1293e+00	1.5437e+00	5.3547e-02	7.4157e-02	1.0000e+00	0.0000e+00
1.3469e+00	1.5437e+00	1.0113e-01	3.8211e-01	0.0000e+00	0.0000e+00
1.5644e+00	1.5437e+00	5.9938e-02	1.8470e-01	0.0000e+00	0.0000e+00
1.7820e+00	1.5437e+00	5.7118e-02	1.6589e-01	0.0000e+00	0.0000e+00
1.9996e+00	1.5437e+00	1.2597e-01	1.7386e-02	0.0000e+00	0.0000e+00
2.2172e+00	1.5437e+00	-6.4259e-02	-6.8261e-02	0.0000e+00	0.0000e+00
2.4347e+00	1.5437e+00	-5.9436e-02	-6.0815e-02	0.0000e+00	0.0000e+00
2.6523e+00	1.5437e+00	-2.6618e-01	2.3545e-02	0.0000e+00	0.0000e+00
2.8699e+00	1.5437e+00	7.6316e-03	1.5540e-02	0.0000e+00	0.0000e+00
3.0874e+00	1.5437e+00	-1.9829e-01	7.3954e-02	0.0000e+00	0.0000e+00
3.3050e+00	1.5437e+00	-2.0638e-01	7.4632e-02	0.0000e+00	0.0000e+00
3.5226e+00	1.5437e+00	-2.1476e-01	5.4159e-02	0.0000e+00	0.0000e+00
3.7402e+00	1.5437e+00	-2.6897e-01	-3.1719e-03	0.0000e+00	0.0000e+00
3.9577e+00	1.5437e+00	-5.9895e-02	2.8535e-01	0.0000e+00	0.0000e+00
4.1753e+00	1.5437e+00	-3.3315e-01	2.6223e-01	0.0000e+00	0.0000e+00
4.3929e+00	1.5437e+00	-9.8412e-02	-3.5488e-01	0.0000e+00	0.0000e+00
4.6104e+00	1.5437e+00	-8.0616e-03	1.8989e-02	0.0000e+00	0.0000e+00
4.8280e+00	1.5437e+00	-6.8800e-02	5.2585e-02	0.0000e+00	0.0000e+00
5.0456e+00	1.5437e+00	-9.7903e-02	-1.2140e-01	0.0000e+00	0.0000e+00
2.5901e-01	1.3262e+00	2.6956e-01	6.3237e-02	0.0000e+00	0.0000e+00
4.7659e-01	1.3262e+00	8.9252e-02	5.6464e-02	0.0000e+00	0.0000e+00
6.9416e-01	1.3262e+00	7.0955e-02	5.5132e-02	0.0000e+00	0.0000e+00
9.1173e-01	1.3262e+00	1.0136e-02	6.7738e-02	0.0000e+00	0.0000e+00
1.1293e+00	1.3262e+00	5.7232e-02	3.5821e-02	0.0000e+00	0.0000e+00
1.3469e+00	1.3262e+00	2.3501e-02	2.5042e-02	0.0000e+00	0.0000e+00
1.5644e+00	1.3262e+00	1.5571e-01	-3.4924e-01	0.0000e+00	0.0000e+00
1.7820e+00	1.3262e+00	7.5181e-02	-8.3302e-03	0.0000e+00	0.0000e+00
1.9996e+00	1.3262e+00	1.5560e-01	1.0699e-01	0.0000e+00	0.0000e+00
2.2172e+00	1.3262e+00	-8.7411e-02	2.0031e-02	0.0000e+00	0.0000e+00
2.4347e+00	1.3262e+00	-5.5390e-02	-2.2554e-02	0.0000e+00	0.0000e+00
2.6523e+00	1.3262e+00	-2.4874e-01	1.1938e-01	0.0000e+00	0.0000e+00
2.8699e+00	1.3262e+00	9.9354e-02	-2.7237e-01	0.0000e+00	0.0000e+00
3.0874e+00	1.3262e+00	-1.4692e-01	3.2893e-02	0.0000e+00	0.0000e+00
3.3050e+00	1.3262e+00	-1.2651e-01	3.4449e-02	1.0000e+00	0.0000e+00
3.5226e+00	1.3262e+00	-3.4540e-01	6.6433e-02	0.0000e+00	0.0000e+00
3.7402e+00	1.3262e+00	-1.4800e-01	5.9186e-02	0.0000e+00	0.0000e+00
3.9577e+00	1.3262e+00	-5.5897e-03	-8.6604e-02	0.0000e+00	0.0000e+00
4.1753e+00	1.3262e+00	-6.5935e-02	5.9043e-02	0.0000e+00	0.0000e+00
4.3929e+00	1.3262e+00	-5.3984e-02	3.5515e-01	0.0000e+00	0.0000e+00
4.6104e+00	1.3262e+00	-6.3235e-02	3.6897e-01	0.0000e+00	0.0000e+00
4.8280e+00	1.3262e+00	-2.4559e-02	-2.4759e-02	0.0000e+00	0.0000e+00
5.0456e+00	1.3262e+00	-2.9679e-02	-2.5720e-02	0.0000e+00	0.0000e+00
2.5901e-01	1.1086e+00	7.4895e-02	2.0788e-01	0.0000e+00	0.0000e+00
4.7659e-01	1.1086e+00	1.6646e-01	1.6986e-01	0.0000e+00	0.0000e+00
6.9416e-01	1.1086e+00	1.9103e-01	7.0012e-02	0.0000e+00	0.0000e+00
9.1173e-01	1.1086e+00	-1.5159e-01	-2.1364e-05	0.0000e+00	0.0000e+00
1.1293e+00	1.1086e+00	6.0248e-02	2.1104e-02	0.0000e+00	0.0000e+00
1.3469e+00	1.1086e+00	2.0600e-02	2.6695e-02	0.0000e+00	0.0000e+00
1.5644e+00	1.1086e+00	1.4943e-01	2.0516e-01	0.0000e+00	0.0000e+00
1.7820e+00	1.1086e+00	8.0946e-02	-2.0190e-02	0.0000e+00	0.0000e+00
1.9996e+00	1.1086e+00	1.4422e-01	6.3121e-02	0.0000e+00	0.0000e+00
2.2172e+00	1.1086e+00	-9.5341e-02	-2.8050e-03	0.0000e+00	0.0000e+00
2.4347e+00	1.1086e+00	4.0967e-02	1.1489e-01	0.0000e+00	0.0000e+00
2.6523e+00	1.1086e+00	2.7031e-01	-7.5775e-02	0.0000e+00	0.0000e+00
2.8699e+00	1.1086e+00	-2.9358e-01	1.8237e-01	0.0000e+00	0.0000e+00
3.0874e+00	1.1086e+00	6.2297e-02	5.7046e-02	0.0000e+00	0.0000e+00
3.3050e+00	1.1086e+00	-6.1101e-02	3.3152e-02	0.0000e+00	0.0000e+00
3.5226e+00	1.1086e+00	-2.9803e-01	6.6478e-02	0.0000e+00	0.0000e+00
3.7402e+00	1.1086e+00	-3.0051e-01	5.8978e-02	0.0000e+00	0.0000e+00
3.9577e+00	1.1086e+00	-2.2649e-01	5.6026e-02	0.0000e+00	0.0000e+00
4.1753e+00	1.1086e+00	-3.1208e-01	-3.3136e-01	0.0000e+00	0.0000e+00
4.3929e+00	1.1086e+00	-3.1648e-02	-5.9482e-02	0.0000e+00	0.0000e+00
4.6104e+00	1.1086e+00	-4.0561e-02	-6.1446e-02	0.0000e+00	0.0000e+00
4.8280e+00	1.1086e+00	-1.2215e-02	1.3252e-02	0.0000e+00	0.0000e+00
5.0456e+00	1.1086e+00	-2.2235e-02	1.2681e-02	0.0000e+00	0.0000e+00
2.5901e-01	8.9101e-01	2.0953e-01	5.7470e-02	0.0000e+00	0.0000e+00
4.7659e-01	8.9101e-01	1.6238e-01	2.1680e-01	0.0000e+00	0.0000e+00
6.9416e-01	8.9101e-01	1.8553e-01	6.2018e-02	0.0000e+00	0.0000e+00
9.1173e-01	8.9101e-01	4.3595e-02	4.4801e-02	0.0000e+00	0.0000e+00
1.1293e+00	8.9101e-01	3.6189e-02	6.4738e-02	1.0000e+00	0.0000e+00
1.3469e+00	8.9101e-01	-1.4505e-01	6.0983e-02	0.0000e+00	0.0000e+00
1.5644e+00	8.9101e-01	-3.1859e-01	1.2376e-01	0.0000e+00	0.0000e+00
1.7820e+00	8.9101e-01	6.8399e-02	6.3222e-02	0.0000e+00	0.0000e+00
1.9996e+00	8.9101e-01	-4.9036e-03	2.6218e-02	0.0000e+00	0.0000e+00
2.2172e+00	8.9101e-01	-1.2533e-01	3.4916e-01	0.0000e+00	0.0000e+00
2.4347e+00	8.9101e-01	-1.3483e-02	4.3478e-02	1.0000e+00	0.0000e+00
2.6523e+00	8.9101e-01	2.0011e-01	1.2559e-02	0.0000e+00	0.0000e+00
2.8699e+00	8.9101e-01	-1.3053e-01	-1.7342e-01	0.0000e+00	0.0000e+00
3.0874e+00	8.9101e-01	-3.1021e-01	2.8682e-01	0.0000e+00	0.0000e+00
3.3050e+00	8.9101e-01	-1.0697e-01	3.0943e-02	1.0000e+00	0.0000e+00
3.5226e+00	8.9101e-01	-2.0469e-01	5.9456e-02	0.0000e+00	0.0000e+00
3.7402e+00	8.9101e-01	-3.0084e-01	6.4004e-02	0.0000e+00	0.0000e+00
3.9577e+00	8.9101e-01	1.6351e-01	5.9663e-02	0.0000e+00	0.0000e+00
4.1753e+00	8.9101e-01	3.2508e-01	6.0065e-02	0.0000e+00	0.0000e+00
4.3929e+00	8.9101e-01	-1.7053e-02	2.1366e-02	0.0000e+00	0.0000e+00
4.6104e+00	8.9101e-01	-3.2632e-02	1.8262e-02	0.0000e+00	0.0000e+00
4.8280e+00	8.9101e-01	-5.8930e-02	2.1156e-02	1.0000e+00	0.0000e+00
5.0456e+00	8.9101e-01	-4.6582e-02	-1.2917e-01	0.0000e+00	0.0000e+00
2.5901e-01	6.7344e-01	2.8390e-01	6.5963e-02	0.0000e+00	0.0000e+00
4.7659e-01	6.7344e-01	-8.6010e-02	4.5669e-02	0.0000e+00	0.0000e+00
6.9416e-01	6.7344e-01	5.9065e-02	1.0925e-01	0.0000e+00	0.0000e+00
9.1173e-01	6.7344e-01	-1.8081e-01	3.1441e-02	0.0000e+00	0.0000e+00
1.1293e+00	6.7344e-01	1.5555e-01	2.7395e-02	0.0000e+00	0.0000e+00
1.3469e+00	6.7344e-01	-2.9125e-01	6.6647e-02	0.0000e+00	0.0000e+00
1.5644e+00	6.7344e-01	2.2608e-01	3.2745e-01	0.0000e+00	0.0000e+00
1.7820e+00	6.7344e-01	1.5703e-01	-7.1648e-03	0.0000e+00	0.0000e+00
1.9996e+00	6.7344e-01	-1.1644e-03	3.9428e-02	0.0000e+00	0.0000e+00
2.2172e+00	6.7344e-01	-2.0623e-01	5.0666e-02	0.0000e+00	0.0000e+00
2.4347e+00	6.7344e-01	-9.5682e-02	5.1890e-02	0.0000e+00	0.0000e+00
2.6523e+00	6.7344e-01	-1.9292e-02	4.2658e-02	1.0000e+00	0.0000e+00
2.8699e+00	6.7344e-01	-5.7211e-02	3.2817e-02	1.0000e+00	0.0000e+00
3.0874e+00	6.7344e-01	-2.4463e-01	7.9947e-02	0.0000e+00	0.0000e+00
3.3050e+00	6.7344e-01	-3.0378e-01	-2.0333e-01	0.0000e+00	0.0000e+00
3.5226e+00	6.7344e-01	-3.0148e-01	6.7080e-02	0.0000e+00	0.0000e+00
3.7402e+00	6.7344e-01	-3.3851e-01	6.3375e-02	0.0000e+00	0.0000e+00
3.9577e+00	6.7344e-01	-1.0323e-01	3.2538e-02	1.0000e+00	0.0000e+00
4.1753e+00	6.7344e-01	1.2502e-01	5.5136e-02	0.0000e+00	0.0000e+00
4.3929e+00	6.7344e-01	-2.8708e-01	-5.0773e-02	0.0000e+00	0.0000e+00
4.6104e+00	6.7344e-01	-5.4550e-02	2.8624e-02	1.0000e+00	0.0000e+00
4.8280e+00	6.7344e-01	-3.2841e-02	6.1123e-02	0.0000e+00	0.0000e+00
5.0456e+00	6.7344e-01	-6.0202e-02	5.5574e-02	0.0000e+00	0.0000e+00
2.5901e-01	4.5586e-01	-3.0506e-03	1.7742e-02	0.0000e+00	0.0000e+00
4.7659e-01	4.5586e-01	-8.1515e-03	1.8847e-02	0.0000e+00	0.0000e+00
6.9416e-01	4.5586e-01	-2.4377e-01	5.7913e-02	0.0000e+00	0.0000e+00
9.1173e-01	4.5586e-01	2.1607e-02	1.8512e-02	0.0000e+00	0.0000e+00
1.1293e+00	4.5586e-01	-1.5790e-02	2.5450e-02	0.0000e+00	0.0000e+00
1.3469e+00	4.5586e-01	-1.4105e-02	2.7863e-02	0.0000e+00	0.0000e+00
1.5644e+00	4.5586e-01	-5.9167e-03	2.3367e-02	0.0000e+00	0.0000e+00
1.7820e+00	4.5586e-01	-1.9508e-02	2.6403e-02	0.0000e+00	0.0000e+00
1.9996e+00	4.5586e-01	-2.4769e-01	1.3076e-01	0.0000e+00	0.0000e+00
2.2172e+00	4.5586e-01	2.2748e-01	9.5210e-02	0.0000e+00	0.0000e+00
2.4347e+00	4.5586e-01	1.8202e-01	6.3438e-02	0.0000e+00	0.0000e+00
2.6523e+00	4.5586e-01	-1.1203e-02	5.0641e-02	1.0000e+00	0.0000e+00
2.8699e+00	4.5586e-01	-6.1166e-02	6.2992e-02	0.0000e+00	0.0000e+00
3.0874e+00	4.5586e-01	3.4475e-01	-2.5463e-01	0.0000e+00	0.0000e+00
3.3050e+00	4.5586e-01	1.4631e-01	-2.7005e-01	0.0000e+00	0.0000e+00
3.5226e+00	4.5586e-01	-3.1832e-01	-2.6174e-01	0.0000e+00	0.0000e+00
3.7402e+00	4.5586e-01	-9.0242e-02	1.9659e-02	1.0000e+00	0.0000e+00
3.9577e+00	4.5586e-01	-1.0054e-01	1.4560e-02	1.0000e+00	0.0000e+00
4.1753e+00	4.5586e-01	-2.8548e-01	1.6868e-01	0.0000e+00	0.0000e+00
4.3929e+00	4.5586e-01	-2.9890e-01	-4.4785e-02	0.0000e+00	0.0000e+00
4.6104e+00	4.5586e-01	-5.7360e-02	1.2813e-02	1.0000e+00	0.0000e+00
4.8280e+00	4.5586e-01	-2.8245e-01	7.7688e-02	0.0000e+00	0.0000e+00
5.0456e+00	4.5586e-01	1.6477e-01	5.5497e-02	0.0000e+00	0.0000e+00
2.5901e-01	2.3829e-01	-2.5764e-03	2.1102e-02	0.0000e+00	0.0000e+00
4.7659e-01	2.3829e-01	-6.5499e-03	2.0375e-02	0.0000e+00	0.0000e+00
6.9416e-01	2.3829e-01	2.3577e-01	-5.1550e-03	0.0000e+00	0.0000e+00
9.1173e-01	2.3829e-01	2.8883e-02	5.4705e-02	0.0000e+00	0.0000e+00
1.1293e+00	2.3829e-01	-1.7417e-02	3.9111e-02	0.0000e+00	0.0000e+00
1.3469e+00	2.3829e-01	-1.6730e-02	3.0977e-02	0.0000e+00	0.0000e+00
1.5644e+00	2.3829e-01	-6.9179e-03	2.9083e-02	0.0000e+00	0.0000e+00
1.7820e+00	2.3829e-01	-2.5388e-02	3.6960e-02	0.0000e+00	0.0000e+00
1.9996e+00	2.3829e-01	1.6591e-02	7.1092e-02	0.0000e+00	0.0000e+00
2.2172e+00	2.3829e-01	-6.2946e-02	5.4789e-02	0.0000e+00	0.0000e+00
2.4347e+00	2.3829e-01	3.0068e-01	2.7353e-02	0.0000e+00	0.0000e+00
2.6523e+00	2.3829e-01	-1.9825e-01	2.6634e-01	0.0000e+00	0.0000e+00
2.8699e+00	2.3829e-01	-2.6660e-01	1.1654e-01	0.0000e+00	0.0000e+00
3.0874e+00	2.3829e-01	3.2779e-01	2.0927e-02	0.0000e+00	0.0000e+00
3.3050e+00	2.3829e-01	2.5665e-01	2.9398e-01	0.0000e+00	0.0000e+00
3.5226e+00	2.3829e-01	-6.7781e-02	2.6412e-02	1.0000e+00	0.0000e+00
3.7402e+00	2.3829e-01	6.3056e-02	4.7570e-02	0.0000e+00	0.0000e+00
3.9577e+00	2.3829e-01	-2.2765e-01	7.1740e-02	0.0000e+00	0.0000e+00
4.1753e+00	2.3829e-01	1.7768e-01	1.6994e-01	0.0000e+00	0.0000e+00
4.3929e+00	2.3829e-01	-5.5532e-03	1.7989e-01	0.0000e+00	0.0000e+00
4.6104e+00	2.3829e-01	-2.2774e-03	1.4039e-02	0.0000e+00	0.0000e+00
4.8280e+00	2.3829e-01	1.9275e-01	-2.6402e-01	0.0000e+00	0.0000e+00
5.0456e+00	2.3829e-01	-2.6998e-01	6.6128e-02	0.0000e+00	0.0000e+00
